Aarhus [ 0.03279992  0.53714832  0.01727572  0.14209835 -0.01993011]
Aberdeen [-0.01441943  0.42277958 -0.03827344  0.1207244   0.0799278 ]
Abuja [-0.00229247  0.2141733   0.41379182 -0.04807598 -0.08341092]
Accra [-0.03447222 -0.09463112  0.3504408   0.27343587  0.09989329]
Adana [ -1.51828309e+00   2.37592933e-01   3.17835235e-04   3.59620855e-02
   1.31674618e-01]
Adelaide [-0.00571647  0.51811256  0.06501869  0.10619226 -0.00482149]
Agadir [-0.03186194  0.37060385  0.21080051  0.05091116  0.02617521]
Ahmedabad [ 0.43197164  0.55578649  0.26108022 -0.02172108 -0.50186206]
Albuquerque [ 0.00798877  0.3025567   0.2436536   0.06624029  0.17100727]
Alexandria [ 0.01055736  0.35273888  0.17341431  0.06699644 -0.17058865]
Algiers [-0.00115737  0.47189049  0.06201971  0.0144781   0.14925361]
Alicante [-3.82438172  0.57857311  0.03093793  0.07185115  0.02245993]
Almaty [ 0.15453636  0.3512675  -0.07554649  0.01943569  0.09319027]
Almeria [-0.01188288  0.00917115  0.14075288  0.21555437  0.05284941]
Amman [ 0.02287433  0.4086538   0.06417399  0.14281495  0.05412521]
Amritsar [ 0.07618608  0.13673591  0.30390838  0.08469421 -0.13734683]
Amsterdam [ 0.02909689  0.75977759 -0.22306398  0.22797656  0.01933454]
Anchorage [ 0.01674946  0.22346318  0.1726891   0.01113676  0.17172688]
Angeles [ 0.00029633  0.07865333  0.25134795 -0.1063251  -0.01404542]
Ankara [-0.03442251 -0.22556746  0.11712229  0.09042791 -0.00612926]
Antalya [-0.01651555 -0.12097882 -0.02814849  0.17969448  0.04785941]
Asturias [ 0.08672808  0.27701584  0.021066    0.09688032 -0.1044421 ]
Asuncion [ 0.02095211  0.44143348  0.14549062  0.27205486  0.01568947]
Athens [ 0.07869131  0.49613532  0.11124459 -0.11785457  0.29198063]
Atlanta [-0.00998777  0.48430661  0.14522093 -0.05279458  0.11368148]
Auckland [-0.01053458  0.40494067  0.29978002  0.0273934  -0.1240301 ]
Austin [ -1.14501941e-04   3.84873725e-01   2.72903204e-01  -3.40271419e-02
   4.94776107e-02]
Bahrain [ 0.00249947  0.34243884  0.21170611 -0.06181629  0.01285346]
Baku [ 0.06713235  0.27042545  0.2318835  -0.01472099 -0.21899679]
Baltimore [-0.00257276  0.51926091  0.06051721  0.01145984  0.03495705]
Bangalore [-0.39174158 -0.02314572  0.19524671  0.18853978  0.14051551]
Bangkok [-0.06327401  0.33641397  0.32873019  0.19995233 -0.11308422]
Barcelona [ 0.02761101  0.43193942  0.10463656  0.05229184  0.0550926 ]
Bari [-0.4759667   0.55691314  0.14629817 -0.04508622  0.09145894]
Basel [ 0.00382886  0.45205733  0.04994339  0.14766487  0.113764  ]
Beijing [-0.0040851   0.29157173  0.12620707  0.19195807  0.0799126 ]
Beirut [-0.00466021  0.22399468  0.19302351 -0.00622007  0.07328244]
Belfast [ 0.05087379  0.64566933 -0.2388474   0.15878259  0.00116508]
Belgrade [-0.00809543  0.44761159  0.27327033 -0.08770322  0.0891887 ]
Bergen [-0.0089946   0.15831202  0.09305625  0.05353899 -0.01040793]
Berlin [-0.07353489  0.55775136 -0.02011918  0.13051103  0.07995646]
Biarritz [ 0.02881069  0.28158106  0.04647873  0.16845569  0.01877366]
Bilbao [-0.03389722  0.34579417  0.17850536  0.08070691  0.10868401]
Birmingham [ 0.00837199  0.273368   -0.01310788  0.14193172  0.13155848]
Bogota [ 0.01768678  0.43048453  0.17291611 -0.16488845  0.25342849]
Bologna [-0.01030037  0.36380114  0.25167526 -0.10679527  0.15649217]
Bordeaux [ 0.03726209  0.43689312  0.11003651  0.21354915  0.02884592]
Boston [ 0.00151566  0.30830173  0.31173507  0.01928464  0.04656942]
Bournemouth [-0.00172756  0.20494253  0.22083755  0.16535885  0.02827458]
Brasilia [ 0.21273574  0.12485905  0.21515349  0.14968604  0.1905619 ]
Bratislava [ 0.68000067  0.52632617  0.13231191 -0.12375658  0.16977905]
Bremen [ 0.03694317  0.51237851  0.18582158  0.14510057 -0.19945628]
Brisbane [-0.00413466  0.62382795 -0.05903342  0.20490145 -0.05210593]
Bristol [-0.05924463  0.51712734  0.06499022  0.02500273  0.05880292]
Brno [-1.1914619   0.34763546  0.1467402   0.02549637  0.02520856]
Brussels [-0.63578084  0.54227213  0.17219217 -0.15431823  0.09418834]
Bucharest [-0.11260604  0.46094275  0.14575518  0.04578566  0.21315515]
Budapest [ 0.00353857  0.58157083  0.18001574 -0.22267699  0.12629286]
Buffalo [  1.48534677e-04   4.28460032e-01   4.66093975e-02  -9.59027392e-02
   1.87756868e-01]
Busan [ 0.00490633  0.47926653  0.2288134   0.10396533 -0.16428504]
Cagliari [ 0.18768645  0.43427323  0.13053203 -0.08693583  0.09585363]
Cairo [ -1.51260172e-05   5.24160007e-01   1.87875282e-01  -4.40845958e-03
  -1.78098331e-02]
Calgary [ 0.0073996   0.15071203  0.1113156   0.20288889 -0.025946  ]
Cali [ 0.00128171  0.14550255  0.13959294  0.0084037   0.10991281]
Cancun [ 0.11760281  0.38018836  0.11804897  0.04142801  0.18303292]
Caracas [ 0.00274775  0.56624247  0.04661669 -0.18449025  0.24985828]
Cardiff [-0.00029463  0.28462574 -0.04652246  0.19857126  0.00954516]
Cartagena [  2.01691655e-04   2.72950034e-01   1.49766174e-01   2.94389267e-01
   5.90315476e-02]
Casablanca [-0.0016217   0.09350227  0.20943673  0.16263594  0.14746279]
Catania [-0.02597024  0.66333358  0.06792372  0.0117235   0.12692837]
Cebu [-0.00223608  0.1860447  -0.01292137  0.23037794  0.10650417]
Charleston [ 0.03510924  0.38813964  0.19179472  0.08466467  0.09147856]
Charlotte [ 0.02783669  0.63646089  0.05037473 -0.18446961  0.25715653]
Chelyabinsk [-0.15042541  0.09656763  0.31924256  0.15328472 -0.08407878]
Chengdu [ 0.04483136  0.04609489  0.0845936   0.13757963  0.05340126]
Chennai [-0.00454593 -0.06830603 -0.05423744 -0.06841607 -0.13143798]
Chicago [ 0.00314942  0.64798251  0.18594687 -0.07301527 -0.00285346]
Christchurch [-0.00384899  0.56824128  0.19932723  0.         -0.05264824]
Cincinnati [ 0.00163025  0.4461722   0.25349578 -0.05607341  0.05289771]
Cleveland [ 0.00464281  0.35896894  0.33656098 -0.10875271  0.02329251]
Cologne [-0.00909493  0.12612693  0.08428519  0.05021046  0.22436849]
Colombo [-0.51756544  0.23089041  0.20485073  0.24399373 -0.04051232]
Columbus [-0.00940265  0.26539597  0.28863768  0.06328741  0.02785514]
Copenhagen [-0.0111642   0.32148191 -0.04864053  0.17462791  0.02594481]
Cordoba [ 0.00232274  0.26215259  0.39858188  0.01973543 -0.00308834]
Corfu [-0.099551    0.31735594 -0.08980364  0.04963579  0.05219928]
Cork [-0.01535156  0.56984921  0.20378723 -0.19559665  0.06823161]
Crete [ 0.18501722  0.31724869  0.19018752 -0.07021215  0.23965029]
Curacao [-0.00870525  0.38667039  0.25990676 -0.01590096  0.061895  ]
Dakar [ 0.06675828  0.42578909  0.16521697  0.20014489  0.05769306]
Dallas [-0.00192626  0.24803621  0.23776847  0.07307512  0.04543205]
Delhi [-0.00124267  0.58360724  0.27539042  0.06133925  0.15349704]
Denver [-0.00488676  0.53593173  0.17736796 -0.10779873  0.16337237]
Derry [ 0.14267518  0.19953726  0.50035773  0.10389206  0.41118155]
Detroit [-0.00143656  0.24997356  0.05577858  0.13656377  0.07982037]
Dhaka [ 0.00838819  0.10278675  0.11615612  0.13199407  0.10774248]
Doha [-0.10051005  0.27700265  0.1964099   0.29164641 -0.05583126]
Doncaster [ 0.00197402  0.36764323  0.17332949 -0.03412273  0.02297265]
Donetsk [-0.00194551  0.18102669  0.08642906  0.11714936 -0.01954998]
Dortmund [ 0.00374984  0.34809877  0.11869189  0.01271623  0.04769209]
Dresden [ 0.0201928   0.32280096  0.06784028  0.02632154  0.15149418]
Dubai [-0.02138927  0.47687821  0.34911445  0.14756315 -0.0729112 ]
Dublin [-0.12320378  0.54422968  0.24971278 -0.23000176  0.09784379]
Dubrovnik [ 0.58755792  0.4132371   0.09085233  0.20764236  0.02517802]
Durban [ 0.00662691  0.5765439   0.37207069 -0.01494684 -0.17319869]
Durham [-0.00642778  0.28577887  0.19152225  0.10806099  0.07698726]
Dusseldorf [-0.65844366  0.37973913 -0.00402678 -0.0060366   0.15036942]
Edinburgh [-0.00421467  0.54406109 -0.13815262  0.1841226   0.03647992]
Edmonton [ 0.01948176  0.39439052  0.16155339  0.11916662  0.00717038]
Eindhoven [ 0.01554635  0.53658795  0.16526178 -0.13590074  0.08694171]
Erbil [ 0.14061735  0.38189007  0.12748695  0.09652182  0.04549153]
Exeter [-0.00627695 -0.06161364 -0.02760052  0.20938406  0.04646948]
Faro [ 1.02515071  0.42502105  0.19017124  0.00412084 -0.00233486]
Fes [-0.51318731  0.47917299  0.0882577  -0.25181018  0.25009655]
Florence [ 0.01497045  0.33761772  0.18091793  0.07825842  0.21544832]
Frankfurt [-0.14103057  0.43785415  0.05159652 -0.10028029  0.2308469 ]
Fukuoka [-0.00729639  0.43093047  0.24140758  0.01617706  0.09437648]
Gdansk [ 0.49957247  0.37717919  0.16520319  0.08983793 -0.01824913]
Geneva [ 0.18944144  0.62716165 -0.02474799  0.15336409  0.10992636]
Genoa [ 0.02838569  0.34561692 -0.02883591 -0.00966036  0.18450748]
George [-0.00206217  0.38207277  0.20048922  0.27972561  0.1555221 ]
Gibraltar [ 0.03752807  0.36196086  0.05714532  0.24335902  0.04204077]
Glasgow [-0.00556469  0.55302868 -0.18028447  0.11138853  0.13221066]
Goa [-0.05628097  0.16406381  0.12205632 -0.01070841  0.03239026]
Gothenburg [ 0.01789869  0.30467081  0.11050863  0.05997057  0.02998848]
Granada [ 0.00961451  0.29539042  0.06623661  0.2072593   0.09368636]
Grenoble [-0.13973684  0.4488419  -0.07277874  0.18012264  0.10754846]
Guadalajara [ 0.05256554  0.270257    0.11257484  0.13886432  0.1061401 ]
Guangzhou [-0.00343478  0.32736666  0.10530616  0.27727722  0.04052258]
Guayaquil [-0.26687428  0.43220717  0.01484737  0.26919718 -0.03916372]
Guernsey [-0.00843072  0.14526663  0.05977111  0.16854519  0.06297112]
Halifax [-0.00082424  0.20710111  0.0514804   0.13275372 -0.00980741]
Hamburg [ 0.20615104  0.66761291  0.07861428  0.04814252  0.0014368 ]
Hannover [ 0.0148672   0.49069021 -0.08676083  0.2136279   0.023569  ]
Hanoi [-0.29116969  0.39177133  0.28654404  0.0292693   0.03798825]
Harare [  4.80802812e-02   5.17451741e-01  -2.85478806e-02   1.78189173e-01
   4.93202384e-04]
Hartford [-0.01535227  0.42485593  0.07322953  0.07581697  0.00703199]
Havana [-0.41996133  0.43371432  0.0731736   0.11482848  0.08834118]
Helsinki [ 0.017249    0.05986302  0.1762085   0.14183935  0.07194128]
Honolulu [-0.07279342  0.46911167  0.07878347  0.01574376 -0.02631343]
Houston [-0.00077551  0.50828433  0.12513498 -0.0690046   0.18308332]
Hyderabad [ 0.05913323  0.17780967  0.15715066  0.18626657 -0.01749495]
Ibiza [-0.00142398  0.30763735  0.22323513  0.09870301 -0.0800833 ]
Indianapolis [-0.00331545  0.30121711  0.1524458   0.15913674  0.02592682]
Innsbruck [ 0.87366579  0.37455828  0.03778733  0.34944566  0.02338059]
Inverness [ 0.00202073  0.5573897  -0.11034078  0.0105582   0.03380891]
Islamabad [-0.03338738  0.11963731  0.31560714  0.00167631 -0.16460462]
Istanbul [-0.02288877 -0.18675269  0.08942689  0.02688256  0.03290723]
Izmir [-0.33041487 -0.22967394  0.09811193  0.11013641 -0.01658374]
Jacksonville [-0.00484601  0.42507966  0.14691463 -0.08707891  0.1409815 ]
Jaipur [ 0.01772097  0.3244788   0.26706911  0.12009761 -0.13281733]
Jakarta [ 0.00676114  0.20949594  0.26134859  0.16012141  0.05945516]
Jeddah [ 0.04417477  0.37209907  0.24904379  0.1521248  -0.21020488]
Jeju [ 0.04534834  0.20147191 -0.01924667  0.20032227  0.12592707]
Jerez [-0.00859908  0.23494296 -0.00112411  0.13158131  0.08469244]
Jersey [ 0.00082999  0.27105674  0.02320903  0.03644325  0.07130682]
Johannesburg [ 0.01427867  0.60595143  0.24780972  0.0712581   0.05985981]
Kabul [-0.03750858 -0.01032036  0.1966256   0.17317695  0.13234573]
Karachi [ 0.0166231   0.40688747  0.33196953 -0.05846162 -0.12982634]
Kathmandu [-0.04611998  0.32860502  0.13064985 -0.04205992  0.09335677]
Kazan [-0.04463269  0.41369139  0.1407875  -0.0842952   0.16186248]
Kefalonia [ 0.05371993  0.30346115  0.1396428   0.10330835  0.03526098]
Kerry [ 0.0017179   0.36244681  0.20049863  0.16043926 -0.10911296]
Kharkov [ 0.12213968  0.13242572  0.24984105  0.11009909 -0.06828976]
Khartoum [ 0.04971937  0.37425022  0.22560483 -0.04012905 -0.08114021]
Kiev [ 0.00127337  0.33715187  0.19648686  0.17084016 -0.03414362]
Kilimanjaro [ 0.00392384  0.50215962 -0.01815577  0.05191377  0.04879672]
Kingston [-0.00275821  0.54305922  0.13402269 -0.02575161  0.04936436]
Knock [ 0.00636936  0.46588432  0.06211477 -0.14055061  0.279855  ]
Kochi [ 0.09869923  0.40423636  0.14076725  0.07457196  0.01424226]
Kolkata [ 0.03381052  0.63372047  0.20489497  0.14693787 -0.11383886]
Kos [-0.04885862  0.10008441 -0.06585071 -0.00262533  0.05786321]
Krabi [ 0.5563292   0.58156324  0.18305757  0.00109874 -0.11038105]
Krakow [ 0.17791944  0.42659237  0.1537878  -0.03626423  0.07895105]
Krasnodar [ 0.85549454  0.27035351  0.13181433  0.01937456 -0.08845115]
Krasnoyarsk [-0.01260747  0.21630594  0.08661877  0.17457176  0.12785773]
Kuwait [ 0.00713843  0.32546396  0.17414804  0.11424792  0.16517787]
Lagos [-0.02904836  0.16461894  0.21818634  0.13833452  0.09980908]
Lahore [-0.00166579  0.31114724  0.07299672  0.0364637  -0.11867753]
Lanzarote [-0.73578715  0.51520696  0.19898265 -0.06688995  0.002274  ]
Leeds [ 0.01019566  0.51968164  0.1736599  -0.06226481  0.0340727 ]
Leipzig [-0.01825702  0.1328413   0.17695276  0.03309577  0.12466697]
Liberia [ 0.15321494  0.3835542   0.13221644  0.12038298 -0.02502588]
Lille [-0.05207765  0.29286912  0.06028669 -0.01434599  0.13175697]
Lima [-0.00573912  0.30939347  0.17775152  0.03458235  0.14327856]
Limoges [-0.03924344  0.33536018  0.2409603   0.11153173 -0.03034659]
Linz [-0.0147817   0.5214145   0.1567796  -0.          0.05231923]
Lisbon [-0.02621714  0.28245452  0.06462814  0.28937041  0.07514581]
Liverpool [ 0.00168014  0.44424014 -0.05384551  0.12173585  0.12228369]
Ljubljana [-0.02302938  0.15309644  0.15441869  0.11154633  0.06621931]
London [-0.01762149  0.54161284 -0.03409532  0.18870421  0.03691083]
Lourdes [ 0.00947999  0.11155648  0.16584044  0.12492149  0.05853136]
Luxembourg [-0.02269285  0.69633658  0.0551123  -0.12486717  0.16637466]
Lviv [-0.04655337  0.26110515  0.16522994  0.04996283  0.08396252]
Lyon [ 0.02249051  0.49949995  0.02484406 -0.02185234  0.26870282]
Maastricht [ 5.01868133  1.50990129 -0.10509118 -0.54196304  0.80572359]
Madeira [ 0.01973399  0.35788968 -0.10279165  0.2445098   0.03934628]
Madrid [ 0.00140883  0.40863904  0.10730581  0.00678785  0.09925526]
Makhachkala [ 0.04399999  0.41548982  0.05948349  0.03498531  0.20633518]
Malaga [ 0.14117987  0.49856037  0.08472717  0.13411436 -0.05456779]
Male [ 0.0044238   0.46556873  0.24122445 -0.01838394  0.02730291]
Malmo [ 0.00660109  0.7300788   0.01315424  0.22161582 -0.16504777]
Manchester [ 0.01014936  0.41591317 -0.05245447  0.24750905  0.01221373]
Mangalore [ 0.00717035  0.14424705  0.23292277 -0.01884315 -0.01557025]
Manila [ 0.00504954  0.35196963  0.12798724  0.05273298  0.17524357]
Marseille [ 0.00391702  0.43834334  0.21890511 -0.06387887  0.0770734 ]
Mauritius [-0.00851627  0.3858816   0.15188321  0.05983141  0.08269381]
Medellin [-0.00183174  0.31984404  0.2319721   0.07036223 -0.13200489]
Melbourne [-0.0018763   0.6473261   0.01912702  0.10062746  0.10516613]
Memphis [-0.00217075  0.08848921  0.18407595  0.16762018 -0.07525961]
Mendoza [ 0.06247095  0.21064898  0.16369169 -0.08458602 -0.06483349]
Miami [ 0.00059271  0.37116195  0.12790569  0.11122423  0.14622802]
Milan [ 0.01450169  0.45504087  0.20538659 -0.06327334  0.11113965]
Milwaukee [-0.00992472  0.44444867  0.19694869 -0.07768383  0.12187403]
Minneapolis [ 0.00141276  0.25420223  0.14445743  0.14675381  0.13868546]
Minsk [ 0.08264357  0.44417962  0.17108349 -0.06398039 -0.09626229]
Mombasa [ 0.02450946  0.32066718  0.21384354  0.13252935  0.03794359]
Monterrey [-0.01803659  0.36066658  0.20799998  0.12566048 -0.03201503]
Montevideo [-0.00724828  0.25075011  0.12404226  0.07863563  0.1443819 ]
Montpellier [ 0.09547419  0.43001854  0.20766372 -0.00972061 -0.08401264]
Montreal [ 0.01065883  0.33750506 -0.06057411  0.28385712  0.18185187]
Moscow [ 0.02170717  0.34485278  0.1254453   0.05240966  0.02453339]
Mumbai [ 0.04183797  0.34355534  0.20391212  0.01199237  0.10911517]
Munich [-0.05415987  0.6937548   0.09106686 -0.15097784  0.06326514]
Munster [  3.83837641e-04   4.84292506e-01   1.05358731e-01   2.48139594e-02
   7.85192978e-02]
Murcia [ 0.11340542  0.22337723  0.05156892  0.11105633  0.09608906]
Murmansk [ 0.05460838  0.5015483   0.08445588  0.1419993  -0.05144759]
Mus [ 0.00115474  0.60013505  0.27579787  0.0839973   0.03621239]
Muscat [ 0.02876255  0.44204169  0.31201527  0.09604958  0.03507286]
Mykonos [ 0.24500723  0.55218529  0.1758265  -0.05658296  0.11551561]
Nagoya [-0.00186143  0.11726939  0.10681722  0.11209062 -0.03817526]
Nairobi [-0.02926448  0.24285804  0.25139534  0.15684879  0.01144964]
Nantes [-0.50531408  0.32406903  0.21087936  0.04821073  0.15511019]
Naples [-0.01457525  0.4005532  -0.03310463  0.19737114  0.17763083]
Nashville [-0.00232129  0.55951397  0.21370051 -0.00867064 -0.00715769]
Nassau [ 0.03185798  0.29239767  0.3045085  -0.08023167  0.12952002]
Newcastle [-0.00503105  0.33685925  0.01501016  0.11399939  0.1084588 ]
Newquay [ 0.13095811  0.62577537  0.2057452   0.05853352 -0.00292211]
Nice [-0.00114196  0.38191477  0.02507479  0.2254429   0.05814637]
Norfolk [-0.00053901  0.30462846  0.26067548  0.02186603  0.0343453 ]
Nottingham [ 0.00504136  0.53526141  0.17054371  0.06521644 -0.07536125]
Novosibirsk [ 0.95898067  0.53387323  0.08339752  0.018677   -0.10283959]
Nuremberg [ 0.1425409   0.37524378  0.23929474 -0.0674206   0.02594581]
Oakland [  2.26605282e-04   3.31657140e-01   2.51138517e-01   9.78754010e-02
  -8.39032895e-02]
Odessa [-0.25917389  0.57288525  0.13266147 -0.01672669 -0.10310597]
Okinawa [ 0.01558534  0.33859145 -0.00564334  0.13856755  0.05252678]
Oran [ 0.00296847  0.51218554  0.36483507 -0.0331111  -0.15366469]
Orlando [-0.01286555  0.48385424  0.23907071  0.0189099   0.03394836]
Osaka [ -3.47051583e-04   3.71781550e-01   1.46449986e-01   9.16342548e-02
   4.04776852e-02]
Oslo [-0.37820182  0.26633555  0.19794442  0.14145759 -0.06687598]
Ottawa [ 0.00655414  0.27987965  0.07827209  0.01754976 -0.03899223]
Palermo [-0.2737433   0.486986    0.17734626  0.11064843  0.02381513]
Palma [ 0.2757011   0.3625318   0.04746815  0.08297989  0.07007007]
Paris [-0.02478234  0.49203525  0.06808508  0.12375658  0.02024993]
Parma [ 0.00373778  0.83068615  0.12659215 -0.0136531   0.01678981]
Pensacola [-0.02086326  0.53049884  0.13487754 -0.07393328  0.04935716]
Penza [-0.01604622  0.29080516  0.05511435  0.14682592 -0.08607701]
Perm [ 0.16186503  0.26203087  0.24106821 -0.05153539 -0.03231538]
Perpignan [ 0.00406008  0.60136726  0.08478092 -0.0509879   0.03675702]
Perth [-0.00454498  0.24743037  0.25360889 -0.02581064  0.22640785]
Perugia [-0.30763615  0.57329658  0.33818511  0.52508528  0.03241188]
Peshawar [-0.00691877  0.57701091 -0.04105171  0.27622898 -0.12948057]
Philadelphia [ 0.00059528  0.30944199  0.28041893  0.13721669  0.09017146]
Phoenix [-0.00583555  0.39697873  0.14255116  0.04751638  0.05812076]
Phuket [-0.01112264  0.35961681  0.20170282  0.11633297  0.06714617]
Pisa [-0.01129933  0.59912721  0.05434535 -0.08606418  0.12441491]
Pittsburgh [-0.00150427  0.39902929  0.12585248 -0.02833869  0.05919187]
Portland [-0.02834541  0.38734329  0.0770512   0.01802723  0.05747751]
Porto [-0.01320087  0.56608664  0.09804557 -0.06068388  0.05991267]
Poznan [-0.07042379  0.11976932  0.16324141  0.17198929  0.04452753]
Prague [ 0.00842148  0.56150455  0.07721613 -0.06512759  0.10528408]
Qingdao [-0.00318542  0.3299351   0.09553385  0.1658063  -0.07612621]
Quebec [ 0.00275642  0.22690198  0.17788695  0.10613503  0.02849272]
Quito [ 0.05635157  0.32113442  0.30356989  0.0304465   0.22241418]
Rabat [  5.01426167e-01   5.51558250e-01  -0.00000000e+00   3.23893319e-04
   5.58192027e-02]
Recife [ 0.12078521  0.30452501  0.24089108 -0.05322278  0.02429764]
Reno [-0.00177139  0.292097    0.56809525 -0.04126078 -0.39427187]
Reus [ 0.00749292  0.25647628  0.08817052 -0.0294643   0.14465124]
Reykjavik [-0.16408933  0.40052041  0.06992259 -0.00315124  0.08508609]
Rhodes [-0.01998853  0.0839377   0.1491228   0.14085439  0.08460815]
Riga [ 0.68685943  0.29454032  0.18618268  0.04440849  0.09582085]
Riyadh [ 0.01606395  0.28860788  0.21065577  0.0211313  -0.08390097]
Rome [-0.08704385  0.41662487  0.18260795 -0.03607534  0.11020449]
Rotterdam [-0.06154995  0.47462488  0.26473413 -0.09362154  0.06177058]
Sacramento [-0.00190173  0.37179084  0.01965244  0.0138784   0.19100758]
Sal [ 0.05165369  0.35966294  0.30893463 -0.01159377  0.04498552]
Salvador [ 0.00343996  0.03421724  0.07045568  0.14345564  0.10018988]
Salzburg [ 0.01806079  0.22198907  0.14049023  0.16134002  0.11810454]
Samara [-0.5544171   0.25166144  0.2848951  -0.03925837 -0.01212931]
Santander [-0.24121839  0.35996745  0.24133968 -0.09876512  0.06063989]
Santiago [-0.00068543  0.2221433   0.32289925  0.03122999  0.02590316]
Sapporo [ 0.01854338  0.3815862   0.19254802  0.09086119 -0.0809077 ]
Sarajevo [ 0.01130047 -0.03308555  0.04160398  0.04815414  0.00894955]
Seattle [-0.01136169  0.36784419  0.17201947 -0.09183441  0.1874277 ]
Seoul [  8.07863658e-05   3.02719268e-01   4.36848155e-02   1.86481397e-01
   1.18669069e-01]
Seville [ 0.08788948  0.40487584  0.18404225  0.04076676 -0.03695309]
Shanghai [ 0.00262017  0.45391354  0.06305894  0.12120122  0.11769391]
Shannon [-0.00929518  0.528158    0.15301447 -0.12148326  0.09452157]
Sharjah [ 0.01747187  0.26031623  0.27285002  0.         -0.02293804]
Singapore [ 0.00089681  0.62151091  0.10870561 -0.09663938  0.07790993]
Sochi [ 0.03500644  0.29579425  0.23467333 -0.06171729  0.01632613]
Sofia [-0.00464096  0.50863267 -0.01137378  0.16223318 -0.04356877]
Southampton [-0.0007567  -0.05272521 -0.03916308  0.17352024  0.07611459]
Split [-0.01822624  0.22428691  0.37588537  0.23281351  0.00441884]
Stavanger [ 0.0016519   0.09304656  0.19611638  0.18841706  0.08378705]
Stockholm [ 0.11364303  0.17452515  0.09201557  0.1850041   0.02017343]
Strasbourg [-0.00423278  0.19465457  0.23861693  0.21887258  0.09833736]
Stuttgart [ 0.01230512  0.41104913  0.11358017 -0.10467939  0.17786521]
Surabaya [-0.00460484  0.48067584  0.09889725 -0.00939139 -0.06039718]
Sydney [-0.00060358  0.58011966  0.10378867 -0.0294769   0.0968682 ]
Taipei [-0.04795197  0.50415319  0.11608167  0.09941352  0.03365016]
Tallinn [ 0.06111316  0.30929549  0.03201447  0.01450481  0.03641508]
Tampa [ 0.00069243  0.62064852  0.15439478 -0.03834935  0.03722607]
Tampere [ 0.01386823  0.39015455  0.23866547  0.04389378  0.03875328]
Tbilisi [ 0.51231668  0.11033041  0.11800361  0.09435547  0.0708472 ]
Tenerife [ 0.4013892   0.51729107  0.20497879 -0.0166703  -0.01911156]
Thessaloniki [-0.38592939  0.37543188  0.13705292 -0.01180835  0.09920385]
Thiruvananthapuram [-0.10765877  0.28281121  0.16591328  0.14908954  0.14333947]
Tijuana [-0.00475552  0.54886383  0.08345328  0.18908511 -0.04820926]
Tirana [-0.51010781  0.32797183  0.23592481  0.09481717  0.01421738]
Tokyo [  3.09206592e-04   5.14769661e-01   1.55529605e-01   9.70270688e-02
   2.42455508e-02]
Toronto [-0.01545971  0.54555121  0.28214373 -0.13139761  0.07171852]
Toulon [-0.00230431  0.66705716  0.2337992   0.24510508 -0.18308652]
Toulouse [-0.03506089  0.14169664  0.26243996  0.17813222  0.13639634]
Tours [-0.00323615  0.58139237  0.35843431  0.02046745  0.02051831]
Trabzon [ 0.14705063  0.38910628  0.234135    0.01245041 -0.08962164]
Trieste [ 0.03568984  0.29558333  0.20307253  0.06063778  0.04416931]
Tromso [-0.02215902 -0.08347837  0.12168023  0.14931775 -0.11828474]
Tulsa [ 0.01118101  0.20024154 -0.01386913  0.12258618  0.1127298 ]
Turin [ 0.02487861  0.38979445  0.26312388 -0.08210089  0.2238314 ]
Valencia [ 0.00837835  0.48643498  0.17588812 -0.14601374  0.07661649]
Valladolid [-0.00453354  0.54602621  0.16337114 -0.05238105 -0.03114504]
Van [-0.0005479   0.26957312  0.10049553  0.24656695 -0.14579263]
Vancouver [-0.0088624   0.27268261  0.23239818  0.06396087  0.09458162]
Venice [-0.00647642  0.54090362 -0.08111143  0.25844618  0.00372481]
Verona [ 0.01565006  0.35059889  0.1575072   0.06334013 -0.01635055]
Vienna [ 0.14464183  0.02387502  0.12350218  0.2458869   0.1941073 ]
Vilnius [ 0.22465091  0.58702066  0.06765314 -0.0975377   0.16278261]
Volgograd [ 0.09899121  0.18048321  0.29187474 -0.00215447  0.02503913]
Warsaw [-0.29667607  0.22061261  0.05802572  0.24293578  0.16687682]
Washington [-0.00111113  0.54125459  0.12206837 -0.18772031  0.24919399]
Wellington [ 0.00949769  0.35690917  0.26076064  0.14882455 -0.0350586 ]
Windhoek [ 0.31060356  0.47827214  0.30029138  0.09790722 -0.02460996]
Winnipeg [-0.00521326  0.16294318  0.13876058  0.20550913 -0.05194206]
Xiamen [-0.38146956  0.31065914  0.28301683 -0.00248852 -0.12401723]
Yangon [ 0.01232258  0.39892177  0.13077542  0.25553547  0.05360696]
Yerevan [-0.36558784  0.31000184  0.1626244   0.09326826 -0.08321939]
Zagreb [-0.05080465  0.15587041  0.18864756  0.20524332  0.02244428]
Zanzibar [-0.05182578  0.34497388  0.25201025  0.25020405  0.07037844]
Zaragoza [-0.26718837 -0.46570659 -0.3639103   1.07842208  3.9287649 ]
Zurich [ 0.47807142  0.45012005  0.03636848  0.31412204  0.0712688 ]
<class 'pandas.core.frame.DataFrame'>
Index: 351 entries, Aarhus to Zurich
Data columns (total 3 columns):
RMSE_Twitter         351  non-null values
RMSE_L4F             351  non-null values
RMSE_Just_Twitter    351  non-null values
dtypes: float64(3)
