Aarhus [-0.05504295  0.39185882  0.05950451  0.1798791   0.09997396]
Aberdeen [-0.04405101  0.49782579 -0.04952355  0.01095788  0.18922566]
Accra [-0.08912813  0.03685821  0.08809462  0.10969952  0.1348088 ]
Adana [-0.06366299  0.4844566   0.22440868  0.04212744  0.04341453]
Adelaide [ 0.00046691  0.31887682  0.06753013 -0.12169288 -0.07258733]
Afghanistan [ 0.00219615 -0.07462244 -0.10516121  0.16885528  0.19653925]
Agadir [-0.02793914  0.31294593 -0.10395713  0.00483533 -0.01348034]
Ahmedabad [ 0.4997651   0.0917288  -0.07060479 -0.14143937 -0.07287658]
Albania [-0.12591876  0.27370775  0.10016019  0.01110556  0.06610733]
Albuquerque [ 0.00041396  0.17762077  0.02265469  0.11444917  0.11902974]
Alexandria [ 0.0068875   0.1147714  -0.03541716  0.06592317 -0.07245593]
Algeria [-0.03317952  0.32132636  0.21259079  0.18508071 -0.00848043]
Algiers [ 0.20442395  0.35889818  0.12225758  0.2073512   0.05378608]
Alicante [ 4.67511788  0.94837982 -0.20331657  0.13983073 -0.18228032]
Almaty [-0.04706751  0.10205757 -0.05264741  0.27565169 -0.01763371]
Almeria [ 0.01122678  0.50396198  0.1680679   0.19276125 -0.27088957]
Amman [ 0.07873633  0.06799893  0.0322265   0.13145821  0.05182815]
Amritsar [-0.16965402 -0.02739634  0.00289675 -0.01350158  0.06076557]
Amsterdam [-0.00172303  0.68031315 -0.45954951  0.37939644  0.08241454]
Anchorage [-0.01354182  0.24137402  0.0930276  -0.0060194   0.09251765]
Angeles [-0.00326163  0.29866453  0.27888774 -0.21002096 -0.01234146]
Angola [ 0.04600524  0.19837462  0.11599029 -0.         -0.01856706]
Ankara [-0.08330933  0.2776549   0.56295805  0.12661942 -0.21028657]
Antalya [ 2.66193858  0.64381979  0.05043654  0.17026281 -0.14752074]
Argentina [-0.03255375  0.31769855  0.01041526  0.2238143   0.14658191]
Armenia [-0.17575645 -0.19061409 -0.10821117  0.20178771 -0.10721368]
Aruba [ 0.10729575  0.20388168  0.04988475 -0.06284734 -0.01581081]
Astana [-0.39775513  0.12324942  0.22406661  0.09099998  0.06187422]
Asturias [ 0.11503882  0.12077517 -0.08224395 -0.04932059  0.14576689]
Athens [ 0.05661936  0.26192646  0.05511942  0.05687747  0.13099561]
Atlanta [-0.00766712  0.41404084  0.0813845   0.02730606  0.18631049]
Auckland [-0.00160128  0.27093989  0.0385337  -0.08899057  0.04630949]
Austin [-0.00061183  0.32738999  0.30194444  0.08886834  0.01864259]
Australia [ 0.01348775  0.20123883  0.22989274  0.14452636 -0.14742796]
Austria [ 0.03416001  0.25310744  0.16179264  0.22718002  0.07506738]
Azerbaijan [ 0.0190882   0.17659291  0.06575901  0.15793338 -0.18102792]
Baghdad [ 0.00903692  0.05017328  0.10047528 -0.08810514  0.00210301]
Bahamas [ -1.91303194e-04   9.06112344e-02   2.77089564e-01   3.74750097e-02
  -6.92306421e-03]
Bahrain [ 0.03301812  0.22514046  0.19532154  0.03296806  0.11609593]
Baku [-0.13417929  0.17762892  0.08933227  0.18955271 -0.18950125]
Baltimore [-0.00624796  0.37001691  0.22330028 -0.11416729  0.21000898]
Bangalore [-0.09341279 -0.00702839  0.34410943 -0.0140313  -0.14045636]
Bangkok [-0.05403051  0.11818776  0.2618491   0.37041362 -0.04147173]
Bangladesh [-0.00844954 -0.12289706 -0.08027704  0.16821095  0.07865952]
Barbados [-0.02696391  0.27739937 -0.14892951  0.04150542 -0.07851675]
Barcelona [ 0.017695    0.4368391  -0.00969361  0.20525243  0.14778578]
Bari [-0.51088018  0.60156032  0.06427232  0.00572884  0.24187872]
Basel [ 0.00576761  0.3150227  -0.25093362  0.20017995  0.23533042]
Beijing [-0.00048252  0.04078916  0.16788266  0.35127854  0.11732835]
Beirut [-0.00384727  0.490218    0.2929133  -0.02422634 -0.10074412]
Belarus [-0.05872433  0.06178418 -0.04241239  0.0783427   0.14308292]
Belfast [ 0.02255986  0.61038823 -0.18750663  0.15695324  0.11076485]
Belgium [ 0.02484398  0.63710082  0.21533654 -0.05343905  0.06871993]
Belgrade [-0.03124558  0.15084195  0.13590369  0.05010732  0.26353027]
Belize [-0.00356858  0.14129585 -0.03200258  0.00735763  0.15995079]
Bergen [ 0.01037296  0.31388734  0.1203967   0.14365793  0.06849152]
Berlin [-0.13128532  0.36837859 -0.41450182  0.44878025  0.22716658]
Biarritz [ 0.00959281  0.08943808  0.23676758  0.15256283  0.12646459]
Bilbao [ 0.02540013  0.19597684 -0.04291863  0.04330435  0.25922661]
Birmingham [ 0.02830259  0.68005712 -0.06080355  0.2431584  -0.06038561]
Bogota [ 0.01067161  0.32900875  0.01151907 -0.03551884  0.26896506]
Boise [-0.00075089  0.2645501   0.08358691  0.04273912  0.07025247]
Bolivia [-0.00708723  0.2346766   0.08079192  0.150473    0.00065077]
Bologna [ 0.15077244  0.57609586  0.07993614 -0.00896536  0.21856801]
Bordeaux [ 0.06196184  0.42674854 -0.13365705  0.36345952 -0.08939761]
Boston [ 0.00304243  0.2029505   0.28303144  0.09184292  0.19603211]
Bournemouth [ 0.00060901  0.18311842  0.46716128  0.16329016 -0.0342445 ]
Brasilia [ 0.16504478  0.12343443  0.02298303  0.11861999  0.12616718]
Bratislava [ 0.67557351  0.57784885  0.20640244 -0.13077144  0.22683825]
Brazil [ -1.09972005e-04   4.51362059e-01  -7.94957187e-02   1.52294379e-01
   8.45651250e-02]
Bremen [ 0.03027281  0.72686105  0.02326173  0.22492072 -0.11773457]
Brest [ 0.08368268  0.34700566  0.25393491 -0.08779016 -0.02634586]
Brisbane [-0.00166372  0.40116501  0.02408542 -0.08388565 -0.00557739]
Bristol [ 0.0109207   0.67873763 -0.12529245  0.06951853  0.11757168]
Brno [-0.46524334  0.32595176  0.33576431  0.11775749 -0.04186341]
Brussels [-0.39215824  0.64278129  0.19740724 -0.06252351  0.09240207]
Bucharest [ 0.09637675  0.2315106  -0.02369015  0.11593779  0.16736574]
Budapest [-0.02198975  0.73366489  0.15312658 -0.09584091  0.04839236]
Buffalo [-0.00068085  0.27966308  0.05636532  0.09113709  0.20805768]
Bulgaria [-0.00860381  0.52847107 -0.20079673  0.31095656 -0.10299381]
Busan [ -1.07877771e-04   3.76466967e-01  -1.67596816e-01   1.20779711e-01
   5.18710648e-02]
Cagliari [ 0.44932593  0.37013791  0.12564771  0.09864711  0.19083377]
Cairns [-0.03135664  0.1080606   0.07013575  0.2211474  -0.02175261]
Cairo [ 0.00113539  0.21710138  0.06674942  0.00657619  0.06435048]
Calgary [ 0.01038935  0.08114379  0.07469692  0.18516816  0.16334231]
Cali [-0.003699    0.25456263 -0.08574887  0.10859868  0.01448385]
Cambodia [-0.032266   -0.05295562  0.21663809  0.23763962  0.12123732]
Cameroon [-0.02240332  0.08819083  0.2017509  -0.00055616 -0.06203161]
Canada [-0.00667454  0.19447738  0.04022846  0.18917725  0.39102449]
Cancun [ 0.1149332   0.37783972 -0.02667604  0.17806869  0.14098787]
Caracas [-0.01561969  0.40688367  0.1159939  -0.00236715  0.3030277 ]
Cardiff [  1.68444550e-04   4.79667743e-01  -1.03456151e-01   1.64890483e-01
   1.40760917e-01]
Casablanca [-0.04008139  0.17759039  0.31071078  0.18099264  0.0954855 ]
Catania [-0.07398234  0.52694196  0.02063792  0.0968021  -0.1030022 ]
Cebu [ -1.01733143e-04   1.40205389e-01  -4.40388253e-02   1.73773823e-01
   1.82228804e-01]
Charlotte [-0.01407599  0.3308119   0.18938783  0.00887785  0.11131263]
Chelyabinsk [ 0.7881555  -0.05117913 -0.05317708  0.3268405  -0.12296498]
Chengdu [-0.03651259  0.03880472  0.0629327   0.12983829  0.07560126]
Chennai [-0.13235842  0.04286346 -0.00423649 -0.05602074  0.22053153]
Chicago [ 0.01002144  0.40541826  0.24792848  0.07696813  0.15964077]
Chile [-0.01463209  0.37423522  0.18256719  0.12176882  0.04656059]
China [ 0.004509    0.27843105  0.14177169  0.1642552   0.19281261]
Christchurch [ 0.00031546  0.24322587 -0.01668448  0.          0.01263466]
Cleveland [ 0.00539716  0.40706588  0.15787802  0.04233394  0.11003924]
Cologne [ 0.0065634   0.26377238 -0.04284636  0.27983341  0.20525985]
Colombia [-0.00056896  0.440099   -0.06042551 -0.03762235  0.2165689 ]
Colombo [ 0.29306439  0.22582202  0.07080091  0.16809174 -0.05867966]
Columbus [ 0.00295614  0.28200537  0.36281049 -0.05841361 -0.0670889 ]
Constantine [-0.003094    0.17132491  0.1599361   0.16671905  0.03032012]
Copenhagen [-0.02518866  0.59051747 -0.14024969  0.1864798   0.03782732]
Corfu [ 0.21021449  0.83536305 -0.30391915 -0.05107627  0.09111547]
Cork [-0.02278357  0.62704811  0.21262054 -0.12590773  0.09012018]
Crete [ 0.9640008   0.69305203 -0.14988986  0.06420774  0.00269343]
Croatia [-0.00534419  0.80098919 -0.47035592  0.18059056 -0.00561801]
Cuba [ 0.06474812  0.24007626  0.06612878  0.40315118  0.00537777]
Curacao [-0.01376202  0.18502886  0.33334384  0.00654024  0.08649158]
Curitiba [-0.06712404 -0.0409152   0.10538799  0.11007533 -0.02620616]
Cyprus [ 0.29877773  0.96946734 -0.31007972  0.12528536 -0.06394959]
Dakar [ 0.05783037  0.17841098  0.07537471  0.19871749 -0.03807152]
Dallas [ 0.00110406  0.42114395  0.14775374 -0.0718462   0.21403797]
Delhi [ 0.00380907  0.40434934 -0.14360791  0.01327698  0.04365669]
Denmark [ 0.00473133  0.60627785 -0.1166937   0.22085965 -0.00160369]
33    84
Name: Searches, dtype: float64
34    96
Name: Searches, dtype: float64
35    80
Name: Searches, dtype: float64
36    59
Name: Searches, dtype: float64
37    57
Name: Searches, dtype: float64
38    57
Name: Searches, dtype: float64
39    83
Name: Searches, dtype: float64
40    78
Name: Searches, dtype: float64
41    129
Name: Searches, dtype: float64
42    92
Name: Searches, dtype: float64
43    52
Name: Searches, dtype: float64
44    56
Name: Searches, dtype: float64
45    59
Name: Searches, dtype: float64
46    61
Name: Searches, dtype: float64
47    91
Name: Searches, dtype: float64
48    79
Name: Searches, dtype: float64
49    88
Name: Searches, dtype: float64
50    65
Name: Searches, dtype: float64
51    59
Name: Searches, dtype: float64
52    47
Name: Searches, dtype: float64
53    93
Name: Searches, dtype: float64
54    62
Name: Searches, dtype: float64
55    54
Name: Searches, dtype: float64
56    90
Name: Searches, dtype: float64
57    63
Name: Searches, dtype: float64
58    59
Name: Searches, dtype: float64
59    50
Name: Searches, dtype: float64
60    83
Name: Searches, dtype: float64
61    69
Name: Searches, dtype: float64
62    49
Name: Searches, dtype: float64
63    59
Name: Searches, dtype: float64
64    81
Name: Searches, dtype: float64
65    55
Name: Searches, dtype: float64
66    37
Name: Searches, dtype: float64
67    105
Name: Searches, dtype: float64
68    64
Name: Searches, dtype: float64
69    70
Name: Searches, dtype: float64
70    79
Name: Searches, dtype: float64
71    70
Name: Searches, dtype: float64
72    46
Name: Searches, dtype: float64
73    56
Name: Searches, dtype: float64
74    80
Name: Searches, dtype: float64
75    87
Name: Searches, dtype: float64
76    64
Name: Searches, dtype: float64
77    75
Name: Searches, dtype: float64
78    71
Name: Searches, dtype: float64
79    49
Name: Searches, dtype: float64
80    51
Name: Searches, dtype: float64
81    86
Name: Searches, dtype: float64
82    79
Name: Searches, dtype: float64
83    64
Name: Searches, dtype: float64
84    75
Name: Searches, dtype: float64
85    71
Name: Searches, dtype: float64
86    38
Name: Searches, dtype: float64
87    76
Name: Searches, dtype: float64
88    67
Name: Searches, dtype: float64
89    48
Name: Searches, dtype: float64
90    52
Name: Searches, dtype: float64
91    66
Name: Searches, dtype: float64
92    42
Name: Searches, dtype: float64
93    27
Name: Searches, dtype: float64
94    27
Name: Searches, dtype: float64
95    37
Name: Searches, dtype: float64
96    45
Name: Searches, dtype: float64
97    64
Name: Searches, dtype: float64
98    22
Name: Searches, dtype: float64
99    39
Name: Searches, dtype: float64
100    34
Name: Searches, dtype: float64
101    31
Name: Searches, dtype: float64
102    34
Name: Searches, dtype: float64
103    34
Name: Searches, dtype: float64
104    45
Name: Searches, dtype: float64
105    38
Name: Searches, dtype: float64
106    33
Name: Searches, dtype: float64
107    28
Name: Searches, dtype: float64
108    30
Name: Searches, dtype: float64
109    59
Name: Searches, dtype: float64
110    40
Name: Searches, dtype: float64
111    48
Name: Searches, dtype: float64
112    29
Name: Searches, dtype: float64
113    35
Name: Searches, dtype: float64
114    25
Name: Searches, dtype: float64
115    30
Name: Searches, dtype: float64
116    56
Name: Searches, dtype: float64
117    37
Name: Searches, dtype: float64
118    49
Name: Searches, dtype: float64
119    31
Name: Searches, dtype: float64
120    29
Name: Searches, dtype: float64
121    30
Name: Searches, dtype: float64
122    27
Name: Searches, dtype: float64
123    41
Name: Searches, dtype: float64
124    26
Name: Searches, dtype: float64
125    39
Name: Searches, dtype: float64
126    22
Name: Searches, dtype: float64
127    21
Name: Searches, dtype: float64
128    25
Name: Searches, dtype: float64
129    29
Name: Searches, dtype: float64
130    21
Name: Searches, dtype: float64
131    16
Name: Searches, dtype: float64
132    14
Name: Searches, dtype: float64
133    26
Name: Searches, dtype: float64
134    33
Name: Searches, dtype: float64
135    21
Name: Searches, dtype: float64
136    17
Name: Searches, dtype: float64
137    39
Name: Searches, dtype: float64
138    27
Name: Searches, dtype: float64
139    19
Name: Searches, dtype: float64
140    51
Name: Searches, dtype: float64
141    28
Name: Searches, dtype: float64
142    20
Name: Searches, dtype: float64
143    42
Name: Searches, dtype: float64
144    64
Name: Searches, dtype: float64
145    73
Name: Searches, dtype: float64
146    73
Name: Searches, dtype: float64
147    27
Name: Searches, dtype: float64
148    40
Name: Searches, dtype: float64
149    40
Name: Searches, dtype: float64
150    52
Name: Searches, dtype: float64
151    45
Name: Searches, dtype: float64
152    52
Name: Searches, dtype: float64
153    56
Name: Searches, dtype: float64
154    49
Name: Searches, dtype: float64
155    51
Name: Searches, dtype: float64
156    24
Name: Searches, dtype: float64
157    33
Name: Searches, dtype: float64
158    48
Name: Searches, dtype: float64
159    70
Name: Searches, dtype: float64
160    53
Name: Searches, dtype: float64
161    61
Name: Searches, dtype: float64
162    48
Name: Searches, dtype: float64
163    32
Name: Searches, dtype: float64
164    41
Name: Searches, dtype: float64
165    41
Name: Searches, dtype: float64
166    48
Name: Searches, dtype: float64
167    71
Name: Searches, dtype: float64
168    65
Name: Searches, dtype: float64
169    75
Name: Searches, dtype: float64
170    52
Name: Searches, dtype: float64
171    44
Name: Searches, dtype: float64
172    25
Name: Searches, dtype: float64
Denver [-0.00235964  0.61566685  0.11593115 -0.13246156  0.16065172]
Derry [ 0.00467458  0.02598267 -0.07365574 -0.03767364  0.1181926 ]
Detroit [-0.00169918  0.19668086  0.12159202  0.22685377  0.09722374]
Dhaka [-0.08313851 -0.09097178 -0.07985264  0.15846259  0.04307142]
Doha [ 0.02918833  0.16480854  0.11869989  0.29844681 -0.01819179]
Doncaster [-0.00429587  0.11336641  0.16293834  0.16133124 -0.0298022 ]
Donetsk [-0.00292142  0.13153893  0.07349024  0.37988124 -0.11604262]
Dortmund [ 0.00685762  0.35562162 -0.01922714  0.20547655  0.08623959]
Dresden [ 0.02247165  0.35139494 -0.05797152  0.04135885  0.32225484]
Dubai [-0.00612105  0.13751421  0.19308515  0.42826801  0.03212416]
Dublin [-0.06829255  0.71296551  0.23543741 -0.15642241  0.0799129 ]
Dubrovnik [ 0.63068622  0.96799791 -0.6103585   0.11095059 -0.05521949]
Durban [ 0.02345366  0.10878577  0.25310529 -0.00179724  0.00414519]
Durham [-0.02036421  0.31753889  0.18768145  0.12794291 -0.03405219]
Dusseldorf [ 1.53164816  0.65113514 -0.06318344  0.02528782  0.18315833]
Ecuador [ 0.00318105  0.23452703  0.2113344   0.15496282 -0.04230728]
Edinburgh [ 0.13579366  0.54921494 -0.18386489  0.09925231  0.26341247]
Edmonton [ 0.01858882  0.25670521 -0.02513833  0.09931456  0.18265989]
Egypt [ 0.00805671  0.83876104 -0.3242314   0.1606762   0.06423388]
Eindhoven [-0.02675501  0.72111349  0.09434163 -0.02314599  0.09804409]
Erbil [ 0.03266305  0.00170523  0.08287439  0.22073943  0.19491884]
Estonia [ 0.00500042  0.29382117  0.11917725  0.0381508   0.28061207]
Ethiopia [-0.04560154  0.19241022 -0.02401544  0.27142942  0.03948172]
Exeter [ 0.00217788  0.59456271 -0.04682327  0.28464731 -0.03703154]
Faro [ 2.51993021  0.97539889 -0.19488607 -0.012248   -0.06131486]
Fes [ 0.17716651  0.57361378  0.2286192  -0.18378657  0.25343653]
Fiji [-0.00465029  0.2557409   0.25435199  0.05191034  0.04980589]
Finland [-0.01130425  0.33369802  0.04185015  0.19121238  0.12760328]
Florence [ 0.02061486  0.2777719   0.08380601  0.08144641  0.16029392]
France [-0.12048189  0.5707681  -0.02075469  0.15593242  0.0903909 ]
Frankfurt [-0.316619    0.4304936   0.16379652  0.06299527  0.17318974]
Fukuoka [-0.00203526  0.05626481  0.15992751  0.00052248 -0.0206663 ]
Gambia [-0.04462101  0.24500876  0.04129771 -0.01647826  0.14350883]
Gdansk [ 0.30028911  0.41238975  0.3788241   0.06112382 -0.03075131]
Geneva [ 0.19593887  0.58762121 -0.41774198  0.37415665  0.33555793]
Genoa [-0.17629068  0.35892473 -0.03453935  0.12008478  0.12042524]
George [ 0.00079259  0.08929205  0.16248448 -0.04514155 -0.05607739]
Georgia [ -2.05444289e-04   3.25493105e-02   8.49023335e-02   3.02508175e-01
   2.03523777e-01]
Germany [-0.04442398  0.46917544 -0.18726505  0.25413461  0.17423848]
Ghana [-0.0007869   0.09352864  0.08707645  0.06198272  0.16347382]
Gibraltar [ 0.01648959  0.40221286 -0.2080968   0.11974199  0.21608004]
Glasgow [-0.0039313   0.75335699 -0.40777418  0.19934137  0.18026436]
Goa [-0.04740568  0.20487974  0.18047813 -0.05236197  0.02910171]
Gothenburg [-0.20756364  0.22161576  0.25993476  0.14569238  0.11633872]
Granada [ 0.02563054  0.27247287 -0.07859003  0.32097582 -0.00314274]
Graz [-0.19043669  0.34119893  0.00635118  0.22616882 -0.07398372]
Greece [ 0.01168203  0.72410701 -0.11195211 -0.19214675  0.16587997]
Grenoble [ 0.01261554  0.3916602  -0.20759561  0.10283497  0.17838746]
Guadalajara [ 0.0458453   0.25104053  0.11340261  0.23824046  0.16026269]
Guadeloupe [ 0.35659863  0.28870542 -0.03273012 -0.06404571 -0.11049595]
Guam [-0.00347638  0.38765601  0.06295568 -0.0389931   0.00696078]
Guangzhou [-0.00231035  0.34702755 -0.09263429  0.26473339  0.1465957 ]
Guatemala [-0.00086073  0.02399375  0.00561007  0.17480005  0.01569273]
Guayaquil [-0.03807618  0.13859735  0.23526123  0.2820229  -0.07326087]
Guernsey [-0.05667292  0.49965338  0.12342793  0.00325137  0.08821164]
Haiti [-0.00108809  0.34899932  0.0853952   0.12526077 -0.1804294 ]
Halifax [-0.0071452   0.17709868  0.12137691  0.15444181  0.00931415]
Hamburg [ 0.88850982  0.45853745 -0.04229629  0.37307735 -0.10358296]
Hangzhou [ 0.01092438  0.20773885  0.02315986 -0.01136102  0.03243409]
Hannover [ 0.04243557  0.25283515 -0.00652581  0.29269864  0.12868015]
Hanoi [-0.07874624  0.21484413  0.19183762  0.09487566 -0.02997726]
Harare [ 0.07556756  0.12435668 -0.02500529  0.13269581 -0.03395196]
Hartford [-0.06785438  0.40575762 -0.01415597  0.0361036  -0.02102079]
Havana [ 0.05610114  0.15824238  0.10600912  0.41067082  0.11737666]
Helsinki [ 0.00231069  0.2572316  -0.02340326  0.22028723  0.19234963]
Honduras [ 0.00099548  0.16027962  0.19065487  0.01024423  0.03227449]
Honolulu [ 0.11481514  0.32610352 -0.03260828  0.27358873 -0.07988175]
Houston [ 0.00448203  0.42017835  0.10647247  0.08871664  0.26440845]
Hungary [ 0.02238254  0.73065606  0.15534973 -0.09756049  0.05208617]
Hyderabad [-0.01650798  0.10222843 -0.00597813  0.26632146  0.18723234]
Ibiza [ 0.02722847  1.12540755 -0.39112935  0.39939602 -0.30383172]
Iceland [ 0.05159303  0.36167717 -0.06651344 -0.07168532  0.17662248]
India [ 0.11611341  0.13413459  0.24046454 -0.12286655  0.04629537]
Indianapolis [-0.00117861  0.18364916  0.08038455  0.24071226  0.1389348 ]
Indonesia [ 0.01466674  0.32536013  0.006868    0.21702618  0.03372025]
Innsbruck [ 0.59931182  0.49912074  0.13601344  0.26382247  0.28590889]
Inverness [-0.04121637  0.43676598 -0.08028271  0.15849879  0.11304079]
Iran [ 0.00082495  0.41387586  0.04427878  0.22931913 -0.01698021]
Iraq [ 0.02425497  0.01226833  0.10044607  0.13573611  0.21401535]
Ireland [-0.01971343  0.72357013  0.22297216 -0.14116011  0.06665545]
Islamabad [ 0.08425147  0.30349398  0.19106307 -0.14301645 -0.0224606 ]
Israel [-0.00711519  0.09253097  0.07796067  0.34657118  0.10617285]
Istanbul [-0.0326902   0.40427257  0.27105599 -0.01802509  0.07182068]
Italy [-0.00832292  0.59875035 -0.01246973  0.10425305  0.13262183]
Izmir [ 0.4112604   0.35736647  0.41852091  0.08840503 -0.14041198]
Jacksonville [-0.00693631  0.20708963  0.20939016  0.06224986  0.11535634]
Jakarta [-0.01363408  0.20314653  0.13687109  0.32176693 -0.00717449]
Jamaica [-0.00388961  0.45402537  0.20826556 -0.0087222   0.01403456]
Japan [-0.0011417  -0.0409002  -0.02289111  0.20352998  0.33372343]
Jeddah [ 0.05790366  0.25833415  0.23602841  0.29874046 -0.30499511]
Jeju [ 0.07387081  0.13398154  0.02725115  0.10286947  0.22684516]
Jerez [-0.00309086  0.25786721  0.21453483  0.1141158   0.15653765]
Jersey [ 0.00198271  0.69034215 -0.07768508  0.14533433 -0.0601222 ]
Johannesburg [ 0.01767254  0.19314982  0.02604474  0.05905376  0.17200221]
Jordan [-0.00031791  0.1041619   0.0353889   0.14063149  0.05047934]
Kabul [-0.05599236 -0.01348054 -0.06201319  0.15931338  0.19617893]
Karachi [ 0.00906557  0.14954173  0.03435846  0.02827238 -0.07376398]
Kathmandu [ 0.07404873  0.18577683  0.0952551  -0.02509821  0.05773443]
Kazakhstan [-0.0202331   0.13737163 -0.02266134  0.24740536  0.10144694]
Kazan [-0.02039252  0.06112361  0.02424949  0.35296849  0.00214668]
Kefalonia [ 0.15158168  0.59850122  0.01822719 -0.0020748  -0.05452317]
Kenya [-0.01193194  0.38788376  0.05150853  0.21052868 -0.01004379]
Kerry [-0.00344692  0.21248661  0.25717344  0.32682546 -0.03679801]
Kharkov [ 0.01615526  0.37655661  0.19851602  0.12972169 -0.01755409]
Khartoum [ 0.04030342  0.12814036  0.24276997 -0.03970375 -0.07758778]
Kiev [-0.00202198  0.04318967  0.02702285  0.45999818  0.0873311 ]
Kilimanjaro [-0.00392322  0.3200391  -0.04247447 -0.17418499  0.17574759]
Kingston [ 0.00538461  0.34384713  0.15163304 -0.013301   -0.10821278]
Knock [  1.65086556e-04   4.06024278e-01   1.45293597e-01   1.30178365e-01
   1.01828344e-01]
Kochi [ 0.03610666  0.42120015 -0.01604167 -0.07864689  0.0184469 ]
Kolkata [-0.01193816 -0.01965245  0.0712381   0.06288043  0.23360153]
Kona [ 0.03183255  0.06308373  0.00458208 -0.09766345 -0.07319936]
Kos [ 0.06064618  0.69394469  0.0246475   0.03772993 -0.13693717]
Krabi [-0.15343402  0.54929877  0.17044265  0.09151625 -0.1522364 ]
Krakow [ 1.04868084  0.61328458  0.21405898 -0.01494959  0.03083538]
Krasnodar [-0.06035786 -0.02520908 -0.01581483  0.43555792 -0.14351918]
Krasnoyarsk [-0.02555529 -0.07566543  0.03509471  0.5376353  -0.04290609]
Kuwait [ 0.00512601  0.12603823  0.05319714  0.15874391  0.17213171]
Kyrgyzstan [-0.84075689 -0.0811006  -0.19279219  0.11890972 -0.20256823]
Lagos [-0.02682068  0.07407257  0.0754392   0.14137668 -0.03061018]
Lahore [ 0.02904218  0.38303527 -0.05374729  0.08516021 -0.25765379]
Lanzarote [-2.26693359  0.78783893  0.01946279 -0.18048413 -0.10463349]
Latvia [-0.20155557  0.46803443  0.02056925  0.14974227  0.14480683]
Lebanon [-0.00438116  0.48974975  0.29143704 -0.03008581 -0.09455639]
Leeds [ 0.00579623  0.5748813   0.14832022  0.08895047  0.0274387 ]
Leipzig [-0.03015084  0.27466971  0.11556186  0.16148225  0.15420496]
Liberia [-0.03991217  0.21702232 -0.04350786 -0.06704451  0.05902108]
Lille [-0.09621893  0.38751072  0.23137255 -0.08126238  0.12908117]
Lima [-0.00386022  0.28029597  0.02086485  0.13928707  0.07806488]
Limoges [-0.01203474  0.45099093 -0.05296969  0.36887676 -0.04420112]
Lisbon [ 0.25069675  0.25669547 -0.0431967   0.50926145 -0.16894822]
Lithuania [-0.01640948  0.53540752  0.19450768 -0.03357303  0.19801121]
Liverpool [ 0.00227096  0.77414716 -0.13342989  0.11392748  0.05383457]
Ljubljana [-0.02819419  0.14151423  0.12475601  0.02502506  0.07820116]
London [-0.04447273  0.80639985 -0.37101296  0.27684553  0.03798119]
Lourdes [-0.00719944  0.2711216   0.07434912  0.1002504   0.05512906]
Lusaka [ 0.06310448  0.27463733  0.05437471  0.02704783  0.00115184]
Luxembourg [-0.03832491  0.30494595 -0.04729141  0.07737698  0.20698038]
Lviv [-0.19419601  0.52295846 -0.08115487  0.15805559  0.1026967 ]
Lyon [ 0.02346492  0.5484836  -0.15730494  0.03733773  0.24086994]
Maastricht [ 0.0505997   0.08492186 -0.08662     0.04810195  0.0146998 ]
Madagascar [-0.08551057  0.15627189  0.05281436  0.11111398  0.04183781]
Madeira [-0.0232609   0.57883573 -0.27085433  0.24780701 -0.2711695 ]
Madrid [ 0.00897207  0.50838098  0.15045326  0.09412069  0.08387195]
Makhachkala [ 0.17034113  0.31178112  0.15180088  0.19108751  0.21162983]
Malaga [-0.14812315  0.85050309 -0.11685563  0.11259059 -0.08751703]
Malaysia [-0.00119551  0.23661901  0.07271117  0.2193227  -0.06524101]
Maldives [ 0.00184221  0.022494    0.05110171 -0.00388062  0.0616432 ]
Male [-0.00592893  0.02668134  0.05031145 -0.00228707  0.06069545]
Malmo [ 0.00737902  0.61875583 -0.01300588  0.1615539   0.04166184]
Malta [ 0.18034205  0.60146485  0.22225032  0.09800979 -0.18535608]
Manaus [ 0.18482069  0.22268499 -0.02026444 -0.01268621  0.04365014]
Manchester [ 0.03649013  0.79418349 -0.31695681  0.4338687  -0.14618204]
Mangalore [ 0.00157521  0.02735164 -0.02470918 -0.14643993  0.00205394]
Manila [ 0.002404    0.28891803 -0.01119609  0.03360164  0.10937826]
Marseille [-0.00590307  0.39008986  0.13351925  0.10404543  0.15359019]
Martinique [-0.0005099   0.1961381   0.08319466 -0.16475167 -0.05662759]
Mauritius [  5.38881595e-03   2.66465904e-01   1.92801724e-01  -2.03602113e-04
   3.64470704e-02]
Medellin [ 0.00132521  0.27498018  0.00881939  0.06390528  0.01028157]
Melbourne [-0.00019066  0.15464055  0.18071532  0.15824007 -0.0384386 ]
Memphis [-0.00533519  0.11308469  0.0334023  -0.05849925 -0.10206023]
Mexico [-0.00171138  0.46912532 -0.0334943   0.23564758  0.13756544]
Miami [-0.01517944  0.30351346  0.07886956  0.14345922  0.28498642]
Milan [ 0.0024401   0.52836981  0.12461865  0.13621865  0.03639273]
Milwaukee [-0.00571402  0.27139577  0.09596645  0.19302008  0.15143372]
Minneapolis [ 0.00707362  0.26624624  0.18866051  0.13991043  0.22499712]
Minsk [ 0.09164763  0.03843506 -0.03695648  0.07528241  0.14942569]
Moldova [ 0.05740778  0.32255276  0.01283509  0.31117988  0.09841902]
Mombasa [ 0.04764979  0.15469338  0.04029038  0.28091946  0.16820216]
Mongolia [-0.0104919   0.23805005 -0.01954194 -0.05673482  0.02235296]
Montenegro [-0.01340084  0.04653053 -0.0978008   0.06049395  0.09516349]
Monterrey [-0.0134146   0.29384315  0.11727014  0.39000651 -0.10387937]
Montevideo [ 0.15178443  0.19778055  0.23425386  0.05659982  0.13058681]
Montpellier [ 0.11013519  0.24154664  0.08371263 -0.07373169  0.09339905]
Montreal [ 0.0130521   0.46949738 -0.22013813  0.28755525  0.17363131]
Morocco [-0.31675267  0.47844393  0.01323628  0.17014648  0.08684798]
Moscow [ 0.03493122 -0.02948895 -0.00623057  0.40487502  0.1070085 ]
Mumbai [ 0.04674043  0.09205454  0.01990061  0.05015364  0.12533412]
Munich [ 0.00502512  0.45172801  0.10832431  0.08416111  0.0241308 ]
Munster [-0.01064039  0.22250496  0.03240099  0.13001642  0.12863666]
Murcia [ 0.07448647  0.57380746 -0.01184864  0.20490348 -0.01019144]
Murmansk [-0.02193236  0.23979407 -0.02276495  0.14393643 -0.2828509 ]
Mus [ 0.08021941  0.3467945   0.35092513  0.03008904 -0.0118688 ]
Muscat [ 0.03204463  0.15096693  0.10211827  0.01103372  0.12708832]
Myanmar [-0.02051413  0.28022903  0.02736965  0.09050173  0.08899603]
Mykonos [ 0.60149996  1.69145901  0.21376004  0.05662317 -0.21689067]
Nagoya [-0.00052264  0.15537951  0.04957829  0.17483818  0.01776572]
Nairobi [-0.05274369  0.23731103  0.23309779  0.09088193 -0.11150798]
Namibia [ 0.02304787  0.15948975  0.16648515  0.066531    0.02992801]
Nantes [-0.64018492  0.35807441  0.2191254   0.0271839   0.14724183]
Naples [ 0.06075639  0.27295611 -0.05370796  0.13451869  0.08046858]
Nashville [-0.00451391  0.25481647  0.12115639 -0.01659727  0.27082605]
Nassau [ 0.00838642  0.18624863  0.33705942 -0.15246531  0.02866206]
Nepal [ 0.03089593  0.1540121   0.12265905  0.00682568  0.05067517]
Netherlands [-0.11356218  0.70964076 -0.47305492  0.39795493  0.07330961]
Newcastle [-0.00793792  0.70189112 -0.25145946  0.11950828  0.04390777]
Newquay [  6.10403906e-05   5.45764652e-01   4.96182285e-02   1.53087488e-01
   5.59215446e-02]
Nicaragua [ 0.01201307  0.09987868  0.20629108  0.16285913  0.0352397 ]
Nice [ 0.00361424  0.31726286 -0.19624905  0.22358773  0.1757526 ]
Nigeria [-0.01183238  0.16831956  0.07208623  0.13962416 -0.020078  ]
Norway [-0.00622487  0.54522074  0.28926316  0.0950642  -0.100333  ]
Norwich [  1.16704944e-05   4.70927125e-01   1.24956773e-01  -3.21106699e-02
   9.23149539e-02]
Nottingham [  6.01317979e-02   5.28477854e-01   3.12350316e-01   1.64212628e-02
  -5.06673491e-04]
Novosibirsk [ 0.02480444  0.10245174  0.01203875  0.42318932 -0.26648057]
Nuremberg [-0.11366304  0.53742242  0.17798047  0.05997925  0.01298638]
Odessa [-0.09961242  0.10560259 -0.05680859  0.05558594 -0.0554195 ]
Okinawa [-0.00326173  0.16326691  0.06352896  0.22792686  0.06793832]
Oman [ 0.07571225  0.13610021  0.09414777  0.04168762  0.07853339]
Oran [-0.00231771  0.50593422  0.25327011  0.00767962 -0.05707584]
Orlando [ 0.00263166  0.73339168 -0.07780954  0.12120562 -0.02982231]
Osaka [-0.00061705  0.06267292 -0.0063093   0.25596699  0.09680497]
Osh [-0.10264231  0.06507793  0.10851333  0.17537424 -0.09667856]
Oslo [-0.74516657  0.62195058  0.21765388  0.07467073 -0.06884641]
Ottawa [ 0.01024537  0.12630293  0.17550235  0.12230888 -0.08476784]
Pakistan [ 0.05339235  0.31375729  0.08192705 -0.02543909 -0.2051896 ]
Palermo [-0.2677318   0.47956142  0.08910225  0.28715829  0.05348563]
Palma [-0.09629153  1.03921835 -0.30501295  0.1925863  -0.18734063]
Panama [-0.0038809  -0.04198953  0.00497146 -0.04067144  0.2882158 ]
Paris [ 0.00433462  0.57875893  0.00482744  0.21698392  0.050116  ]
Parma [-0.01462316 -0.02049256 -0.05874444  0.06552323  0.07288997]
Perm [-0.1284633  -0.00464941  0.18316917  0.36902031 -0.10042405]
Perpignan [ 0.00546605  0.33167619  0.00981857  0.10141426  0.09288682]
Perth [-0.0025461   0.07654735  0.41285216  0.10820327 -0.15636242]
Peru [ 0.04703526  0.27337616  0.0364044   0.14056755  0.08487111]
Perugia [ 0.00655699  0.06352144 -0.17077825  0.05593168  0.03321708]
Philadelphia [-0.00206255  0.21889871  0.24510146  0.10999401  0.11767285]
Philippines [-0.00132383  0.18741832  0.00284952  0.05171995  0.20012841]
Phoenix [-0.01390524  0.3667394  -0.01815663  0.04776953  0.1222741 ]
Phuket [ 0.45807655  0.14017555  0.1907326   0.28090161  0.11613335]
Pisa [-0.04477875  0.73540341  0.05851029 -0.07582885  0.11861852]
Pittsburgh [-0.00111848  0.3331002   0.13357286  0.07624696  0.00252904]
Poland [-0.21436312  0.55451349  0.20285014  0.14232064 -0.05224241]
Portland [-0.0110938   0.32693496  0.13538289  0.14997614  0.13241379]
Porto [-0.0597901   0.55975891  0.26687104 -0.04045848  0.05862472]
Portugal [-0.0346425   0.7105955  -0.07258891  0.22890384 -0.15590844]
Poznan [-0.06606731  0.24890122  0.32320314  0.1312598   0.09744018]
Prague [ 0.00498791  0.48864795 -0.12597157  0.31524529 -0.00427169]
Qatar [ 0.00856537  0.15636989  0.1248915   0.3044202  -0.03556985]
Qingdao [-0.01406953  0.19931047 -0.03069816  0.15957422  0.04452805]
Quebec [-0.00027588  0.03033006  0.19799548  0.20561977 -0.00611687]
Quito [ 0.23720471  0.17116835  0.06028416  0.08621053  0.16724483]
Rabat [ 0.28495717  0.60383439  0.04731235  0.02650829  0.03738975]
Recife [-0.11525059  0.09079912 -0.02931199  0.05538398  0.09861151]
Reno [-0.00868078  0.1755171   0.3830153   0.07602653 -0.28459348]
Reunion [-0.00200298  0.4782552   0.03219167 -0.09782895  0.03558289]
Reus [ 0.00301092  0.3612567   0.27024738  0.17291406 -0.02192579]
Reykjavik [-0.77899549  0.52028075 -0.08410638 -0.05265802  0.17862841]
Rhodes [ 0.00398067  0.60667674 -0.05793003  0.12384894 -0.04302086]
Riga [ 0.54241704  0.47624188  0.00680678  0.16218199  0.15247406]
Riyadh [ 0.00911596  0.0939447   0.01047124  0.23580311  0.03791941]
Romania [ 0.05172833  0.2045466  -0.04340718  0.14667881  0.21181579]
Rome [-0.04264481  0.6036772   0.07000976  0.05781177  0.08434451]
Rotterdam [-0.09875904  0.30728406  0.29696197  0.02472987 -0.17692955]
Russia [ 0.28593479 -0.03082309 -0.00062972  0.44576742 -0.04355761]
Sacramento [-0.00477316  0.32861421  0.02305359  0.26433782  0.10723343]
Salvador [-0.0074893   0.0432679   0.08968466  0.16240709  0.03857617]
Salzburg [-0.01353689  0.44108081  0.11315647 -0.09767684  0.03620028]
Samara [-0.48666591 -0.04128867  0.06824051  0.33003212 -0.11307999]
Santander [ -9.18769130e-02   4.42393015e-01   2.58030538e-01   1.33377058e-01
   8.75850719e-05]
Santiago [-0.00139596  0.32905559  0.14074715 -0.17037768 -0.01932017]
Sanya [ 0.32675776  0.25381929 -0.01314957  0.00554359  0.09060873]
Sapporo [-0.01971778  0.15756283  0.22608259  0.23628164 -0.04870382]
Sarajevo [ 0.00496978  0.23471238  0.19726498 -0.07160475  0.1947309 ]
Seattle [-0.01150416  0.23175347  0.10135802  0.14505413  0.32712021]
Senegal [ 0.04444335  0.16949818  0.06373656  0.20688843 -0.05978188]
Seoul [-0.00041446  0.2703986   0.09326549  0.10558268  0.15129943]
Serbia [-0.03132624  0.14590772  0.16114585  0.06160464  0.22114162]
Seville [ 0.12698286  0.52521471  0.3069566  -0.00738979  0.00774711]
Seychelles [ 0.05577449  0.13795574  0.05984525  0.10864561  0.30767059]
Shanghai [ 0.00465226  0.17567936  0.14439691  0.15842971  0.25401021]
Shannon [-0.01696829  0.49776519  0.24794886  0.08757651 -0.00634819]
Singapore [-0.00728151  0.28110573  0.07175183  0.19395365  0.02473423]
Slovakia [ 0.08394031  0.58529035  0.28207526 -0.12907321  0.11808748]
Slovenia [ 0.01867351  0.13786491  0.13424096  0.05099472  0.05101354]
Sochi [ 0.01772518 -0.03645338 -0.05733801  0.40250749 -0.08105931]
Sofia [ 0.03274813  0.49131716 -0.22429532  0.36256776 -0.09568009]
Southampton [-0.00752798  0.50420692  0.06302313  0.26586603 -0.0439876 ]
Spain [-0.62529998  0.78040413 -0.06955581  0.04737704  0.00790564]
Split [ 0.03148066  0.47762564  0.02253559  0.15727844 -0.06708583]
Stavanger [ 0.00245692  0.32102936  0.17972321  0.1858788   0.07867357]
Stockholm [-0.01717179  0.58412657  0.22862288  0.13314914 -0.10365931]
Strasbourg [ 0.01121913  0.47479616  0.09949575  0.16358488  0.02164591]
Stuttgart [-0.11199682  0.10852968  0.10161981  0.11953509  0.27627892]
Sudan [-0.00519676  0.12982885  0.26437109 -0.01723598 -0.03614643]
Surabaya [-0.00485987  0.44065377 -0.02577482 -0.00101605  0.12780791]
Sweden [-0.04895993  0.53355643  0.2860545   0.06321879 -0.03422279]
Switzerland [ 0.1525614   0.49528494 -0.44261354  0.47303226  0.25636253]
Sydney [ -1.30363314e-04   2.13083116e-01   1.76287660e-01   1.29834471e-01
  -1.33895390e-01]
Taipei [ 0.01307653  0.20557172  0.17711894  0.17113377 -0.04359485]
Taiwan [ 0.01299811  0.22436713  0.14155836  0.12813257  0.0154191 ]
Tajikistan [-0.12737646 -0.06711944 -0.10022125 -0.04578673 -0.25948517]
Tallinn [-0.24675534  0.28760542  0.11807764  0.02874449  0.29429314]
Tampa [-0.00067037  0.32614523  0.26917116 -0.03699432  0.1006667 ]
Tampere [-0.14734893  0.3232192   0.2821588   0.15572187  0.02260382]
Tanzania [-0.05400764  0.20673326  0.379902   -0.01292707  0.10669448]
Tbilisi [ 2.17595526  0.06670808  0.06848454  0.30621808  0.09413851]
Tenerife [  3.38659715e-01   7.94639261e-01   6.04017374e-02  -4.14793932e-04
  -2.60134182e-01]
Thailand [-0.07304748  0.17493495  0.30168629  0.35352779 -0.08181452]
Thessaloniki [-0.63599152  0.54708308  0.12524073  0.00065943  0.08447248]
Thiruvananthapuram [-0.15738601  0.15863759  0.14422763  0.1441221   0.1877545 ]
Tijuana [ 0.04240077  0.28586841  0.35032282  0.12083013  0.01870489]
Tirana [-0.90668854  0.26904915  0.09331347 -0.00144228  0.05554286]
Tokyo [ -2.49330498e-03  -5.81534142e-02   5.57256448e-06   1.38222539e-01
   4.57717767e-01]
Toronto [-0.00067453  0.34457473  0.22568313  0.01441662  0.10057275]
Toulon [-0.00303434  0.23999412  0.11848655  0.15061922  0.16741286]
Toulouse [-0.05909823  0.23941505  0.0941674   0.10419904  0.14093584]
Tours [ 0.00033342 -0.03051491  0.28190155 -0.00443552  0.0209515 ]
Trabzon [ 0.03717066  0.47965463  0.13531452  0.08454078  0.07462447]
Trieste [-0.02723512  0.00950492  0.19390317  0.15334327  0.17851776]
Tromso [-0.03568881  0.19354211  0.16553395  0.07875053  0.16472001]
Tunisia [-0.03297062  0.36950258  0.31668594  0.14441356 -0.10800809]
Turin [ 0.0356284   0.41167623  0.0075808   0.11580501  0.20561499]
Turkey [-0.06537372  0.54816642  0.31678093  0.06440525 -0.18818076]
Uganda [-0.00554476  0.21634783  0.10649691  0.0423088  -0.05602346]
Ukraine [ 0.00330925  0.0532801  -0.00990052  0.4688311  -0.03545785]
Uruguay [ 0.00275516  0.21148306  0.16557251  0.05659126  0.1831303 ]
Uzbekistan [-0.09970196 -0.1073846   0.02935043  0.05231101  0.16498517]
Valencia [-0.00792139  0.51750908  0.19112509  0.01574861  0.09872943]
Valladolid [ 0.00370576  0.38195804  0.28423489  0.06188673 -0.08384133]
Van [-0.00125522  0.4742854  -0.00822462  0.34300554 -0.16937322]
Vancouver [ 0.00119431  0.06891514  0.08984117  0.15245449  0.25058445]
Venezuela [ 0.00603022  0.45645156  0.09844894  0.01163367  0.27200163]
Venice [ 0.01133371  0.52279882 -0.08998413  0.11662567  0.12210219]
Verona [ 0.02793362  0.7156254  -0.18208862  0.03394196  0.12759383]
Vienna [ 0.18271418  0.10942724  0.25564135  0.24052362  0.08396941]
Vietnam [  2.24187816e-04   3.49956403e-01  -2.34465921e-02   3.85729160e-01
  -1.22547324e-01]
Vigo [-0.00664746  0.22859348  0.04700748  0.07870781 -0.04376108]
Vilnius [ 0.22908267  0.52861532  0.20942274 -0.08011213  0.2520596 ]
Volgograd [-0.01322153  0.18217305 -0.00657457  0.17509595  0.04631457]
Warsaw [-0.23274535  0.53048133  0.17453249  0.17330174 -0.08956546]
Washington [-0.01099386  0.38281746  0.26724724 -0.07580448  0.34947218]
Waterford [ 0.00636687  0.44597547  0.31251014 -0.03830829  0.06648133]
Wellington [ 0.00117094  0.02562766  0.17236574  0.05303616  0.        ]
Windhoek [ 0.32154578  0.16379134  0.13910526  0.06666903  0.05154739]
Winnipeg [ 0.00787128  0.22429864  0.05993834  0.04719829 -0.04454694]
Xiamen [ 0.2074122   0.36079361  0.27384388 -0.0760093   0.00111486]
Yangon [ 0.42857748  0.20959732  0.14117351  0.0126461   0.22300539]
Yemen [ 0.0031      0.07275604 -0.11032878  0.02456835 -0.2171978 ]
Yerevan [-0.53797643 -0.19067349 -0.11555143  0.20710312 -0.10756009]
Yogyakarta [ -2.63676201e-05   2.04283070e-01   4.25703921e-02   1.86906821e-02
   2.51683020e-02]
Zagreb [-0.06145382  0.07412295 -0.07146546  0.21165988  0.12776943]
Zambia [ 0.0585508   0.1200369  -0.0085604   0.22776639 -0.10712515]
Zanzibar [-0.03091148  0.24372182  0.38351014  0.15287882  0.06600067]
Zaragoza [-0.00776933  0.49733886  0.10497141  0.24651329  0.01688269]
Zimbabwe [ 0.03551245  0.1228177   0.05296693  0.06086956  0.00276902]
Zurich [ 0.07407589  0.28666866 -0.0695541   0.42575943  0.06455315]
