Aarhus [-0.08522037  0.39529545  0.06417065  0.17173413  0.08592472]
Aberdeen [-0.05591936  0.54846587 -0.02526911  0.02322803  0.100838  ]
Abuja [-0. -0. -0. -0. -0.]
Abuja
Accra [-0.06431824  0.0615667   0.0938366   0.06834424  0.13956576]
Adana
Adelaide [  1.83289932e-04   3.75834758e-01   5.93690644e-02  -9.50158479e-02
  -1.85389710e-02]
Agadir
Ahmedabad [ 0.52666191  0.10554783 -0.05701125 -0.10704069 -0.04935061]
Albuquerque [ 0.00049467  0.18714741  0.04337846  0.11272148  0.11795076]
Alexandria [ 0.0039099   0.14903701 -0.06041396  0.07998207 -0.02180102]
Algiers
Alicante [ 3.78304966  0.89963611 -0.14228528  0.12389505 -0.18081921]
Almaty [-0.02637595  0.13419956 -0.00996351  0.25843078 -0.03362613]
Almeria [ 0.01002535  0.49133259  0.13094283  0.04884669 -0.11803487]
Amman [ 0.05592766  0.1827255   0.01795693  0.19574036  0.01664531]
Amritsar [-0.26879632 -0.00334142  0.00071842 -0.01799203  0.07424599]
Amsterdam [  1.99467557e-03   6.88961742e-01  -1.59010715e-01   2.41928644e-01
  -5.70515477e-05]
Anchorage [-0.01248207  0.23095772  0.08168193 -0.00651874  0.11686883]
Angeles [-0.00363702  0.31123386  0.20800351 -0.16931234  0.01766675]
Ankara [-0.0788915   0.27613853  0.56037927  0.1273468  -0.20446456]
Antalya [ 0.99406478  0.73680338  0.06402462  0.11554899 -0.17424844]
Astana [-0.22388734  0.11545551  0.18798012  0.07905642  0.04061406]
Asturias [ 0.10276342  0.15748795 -0.01838013  0.02618032  0.0793591 ]
Asuncion [ 0.02615232  0.47002414  0.10375813  0.31400618 -0.07316943]
Athens [-0.07052832  0.49264172  0.0806987  -0.03404321  0.22370383]
Atlanta [-0.00423184  0.40885576  0.0850886   0.05986233  0.1745281 ]
Auckland [-0.00133775  0.40310986  0.11599672 -0.08803551 -0.02032349]
Austin [-0.00081432  0.36373604  0.26774763  0.04892927  0.03141883]
Baghdad [ 0.00595621  0.06423535  0.08843998 -0.09069858  0.07438053]
Bahrain [ 0.03435742  0.22595894  0.23726763  0.04077799  0.03581915]
Baku
Baltimore [-0.01183134  0.37986981  0.22074485 -0.13555173  0.17158366]
Bangalore [-0.2501186  -0.0054775   0.348237   -0.01232444 -0.14151568]
Bangkok [-0.08927958  0.17919182  0.19665545  0.33355644  0.06562413]
Barcelona [-0.06348163  0.66211114  0.03107799  0.06113704  0.02533414]
Bari [-0.60710773  0.60232272  0.08117928  0.01502282  0.18501317]
Basel [-0.00226315  0.34168255  0.02245092  0.14631035  0.08640676]
Beijing [-0.00069206  0.14887266  0.14578415  0.23479478  0.12469739]
Beirut [-0.00251989  0.49105865  0.25939014 -0.00112403 -0.07672633]
Belfast [-0.14232236  0.64387809 -0.10200925  0.11165163  0.0482001 ]
Belgrade
Bergen [ 0.00481425  0.3257685   0.09815319  0.14080748  0.07010443]
Berlin [-0.14696501  0.43612643 -0.07457793  0.22790935  0.09731313]
Biarritz
Bilbao [-0.09806027  0.31482414  0.01932846  0.03893664  0.18686231]
Birmingham [ 0.00273326  0.7099406  -0.01905973  0.1933578  -0.07727472]
Bogota [ 0.03106369  0.30285527  0.07751686 -0.0086509   0.21101703]
Boise [ 0.00208093  0.27532757  0.1004527   0.05829618  0.07468683]
Bologna [ 0.1483743   0.57612957  0.10143731 -0.01226684  0.1827978 ]
Bordeaux [ 0.02982665  0.53425115 -0.0263104   0.23415841 -0.16794105]
Boston [ 0.00268628  0.23792423  0.28287943  0.05835609  0.14368064]
Bournemouth [ -1.57210025e-04   1.89289573e-01   4.66361082e-01   1.56245418e-01
  -4.43214878e-02]
Brasilia [ 0.19682486  0.15556688  0.05446196  0.12959283  0.13899526]
Bratislava
Bremen [ 0.03551997  0.69516717  0.05232257  0.21575842 -0.11435028]
Brest
Brisbane [-0.00172496  0.41021997 -0.02357061 -0.04599457  0.04239744]
Bristol [-0.01447331  0.6133971  -0.02881977  0.11137126  0.0374821 ]
Brno
Brussels [-0.62887218  0.64866719  0.17880377 -0.06259479  0.10307927]
Bucharest [ 0.03350827  0.50343788  0.00169174  0.02231802  0.03071241]
Budapest [-0.03399134  0.73365588  0.13177969 -0.07826011  0.04976491]
Buffalo [-0.00108254  0.29051025  0.06017568  0.08676808  0.19436594]
Busan [ -8.72429707e-05   3.80505408e-01  -1.10785998e-01   1.10686547e-01
   5.43913240e-02]
Cagliari
Cairns
Cairo [ 0.0013694   0.21218908  0.12727579  0.00134312  0.04284348]
Calgary [ 0.00753422  0.08179854  0.07732433  0.16642142  0.12634361]
Cali [-0.00892282  0.27299242 -0.0633469   0.11716281  0.03191239]
Cancun [ 0.09643669  0.429018    0.0373664   0.09699684  0.10032551]
Caracas
Cardiff [ -2.99098270e-04   4.88342040e-01  -5.16634328e-02   1.41027988e-01
   8.77945800e-02]
Cartagena [-0. -0. -0. -0. -0.]
Cartagena
Casablanca
Catania [-0.07177928  0.49308062  0.04971146  0.09487538 -0.05301193]
Cebu [-0.00049968  0.14898736 -0.04139738  0.17004883  0.14484849]
Charleston [-0. -0. -0. -0. -0.]
Charleston
Charlotte [ 0.05908663  0.3782992   0.11777177  0.05574572  0.11671843]
Chelyabinsk
Chengdu [-0.02697459  0.05092194  0.12929483  0.13152576  0.01460867]
Chennai [-0.0947441   0.04763507  0.01066089 -0.04400935  0.2276303 ]
Chicago [ 0.01233372  0.43073903  0.27316419  0.03717192  0.10144495]
Christchurch [ 0.00031137  0.20258625 -0.0066024  -0.01802806 -0.00922733]
Cincinnati [-0. -0. -0. -0. -0.]
Cincinnati
Cleveland [ 0.00452511  0.42183104  0.15235181  0.04461292  0.10504249]
Cologne [-0.02991345  0.41790555 -0.01373869  0.20909782  0.11830477]
Colombo
Columbus [ 0.00296944  0.29024618  0.35139459 -0.04491473 -0.03007334]
Constantine [-0.00309852  0.17762845  0.16254808  0.16882498  0.03309541]
Copenhagen [-0.03024079  0.58340342 -0.01324529  0.11298392 -0.00519279]
Cordoba [-0. -0. -0. -0. -0.]
Cordoba
Corfu [ 0.04287541  0.95604666 -0.14360964 -0.03000848 -0.07436078]
Cork [-0.02070884  0.61986109  0.21228858 -0.11406284  0.09849275]
Crete [ 0.07845846  0.83309109  0.01882261  0.02316592 -0.15017335]
Curacao [-0.01224217  0.24253238  0.27388566  0.04151378  0.06479517]
Curitiba [-0.11704578 -0.01826494  0.14084939  0.07386669 -0.01778481]
Dakar [-0.01473881  0.13686036  0.11834517  0.21673405  0.00258963]
Dallas [-0.00162714  0.42036729  0.12450629  0.01008626  0.15347506]
Delhi [ 0.02181452  0.40896768 -0.14393976  0.02074903  0.04622738]
Denver [ 0.00129865  0.58125512  0.14607473 -0.06093445  0.07408173]
Derry [-0. -0. -0. -0. -0.]
Derry
Detroit [-0.00169198  0.20561851  0.11632402  0.19929893  0.08229528]
Dhaka
Doha [-0.00204263  0.18289573  0.13312506  0.21637922 -0.00160007]
Doncaster [-0.0075919   0.18592572  0.17547062  0.11802573 -0.07030184]
Donetsk
Dortmund [ 0.00685649  0.35838576 -0.02569641  0.1928079   0.10334362]
Dresden [ 0.02480513  0.28572663  0.02375155  0.01829775  0.27866534]
Dubai [-0.01302639  0.1872442   0.19511387  0.34689206  0.0641734 ]
Dublin [-0.13177957  0.70414639  0.23909862 -0.15682182  0.09263754]
Dubrovnik [ 0.35021639  0.91808076 -0.07848535  0.07919221 -0.20301596]
Durban [ 0.00862828  0.13675232  0.24184867 -0.01812786  0.02067676]
Durham [-0.02088167  0.27238803  0.22918036  0.11184278 -0.02711349]
Dusseldorf [ 1.31649968  0.6576753  -0.07941356  0.09371378  0.11420319]
Edinburgh [-0.1056507   0.60911044 -0.11247821  0.1029204   0.13518999]
Edmonton [ 0.02104507  0.25817079  0.00639958  0.10917506  0.19896704]
Eindhoven
Erbil
Exeter [ 0.00085161  0.5905906  -0.04393631  0.28234887 -0.03641959]
Faro
Fes
Florence [-0.02574457  0.49250336  0.22321557 -0.01574561  0.14438523]
Frankfurt [-0.35487819  0.46562825  0.12223624  0.06713998  0.16826332]
Fukuoka [-0.00188527  0.07548742  0.12552399 -0.03432205  0.02774386]
Gdansk [ 0.2988847   0.40176966  0.35579761  0.08489042 -0.02599175]
Geneva [ 0.10382437  0.55336265 -0.10836096  0.25398873  0.23715888]
Genoa [-0.24774387  0.35634495  0.01283394  0.07585732  0.09602751]
George [-0.00134807  0.14402525  0.1589257  -0.01241883 -0.01462224]
Gibraltar [ 0.01505212  0.49848814  0.05870911  0.15745321  0.16785239]
Glasgow [-0.039295    0.74605712 -0.28060374  0.21863657  0.04677937]
Goa [-0.04734812  0.21478216  0.18726187 -0.05083216  0.05239218]
Gothenburg [-0.2204598   0.23759771  0.2664728   0.12843403  0.0989671 ]
Granada [ 0.02106906  0.32348238 -0.00123869  0.26326108  0.04080068]
Graz
Grenoble [ 0.01118687  0.50634124 -0.10371747  0.126509    0.10805273]
Guadalajara
Guangzhou [ 0.00306461  0.34050701 -0.0380282   0.18995804  0.17283771]
Guayaquil
Guernsey [-0.15731099  0.60503819  0.18139715 -0.06042855 -0.02100374]
Halifax [-0.01004579  0.1992638   0.125017    0.15251807  0.00676904]
Hamburg [ 0.62614582  0.61785226 -0.03128585  0.24116283 -0.08905416]
Hangzhou
Hannover
Hanoi [-0.12441508  0.38122873  0.11511749  0.05797734 -0.00144052]
Harare
Hartford [-0.05502939  0.40225174  0.01842047  0.06087184  0.01422456]
Havana [ 0.36097371  0.17413886  0.32517352  0.33834483  0.1152176 ]
Helsinki [-0.00622807  0.2363847  -0.00184487  0.19527526  0.19472693]
Honolulu [ 0.12914736  0.3380683   0.03231969  0.24777049 -0.15634866]
Houston [ 0.00308695  0.45067726  0.09768565  0.03829495  0.22108547]
Hyderabad [-0.00777792  0.14273849  0.01031942  0.22831487  0.14786967]
Ibiza [-0.02178299  1.05150239 -0.22969931  0.17554374 -0.19170498]
Indianapolis [-0.00106807  0.25299317  0.0646307   0.17265049  0.13006746]
Innsbruck [ 0.62079359  0.54641426 -0.06202472  0.09772655  0.29756601]
Inverness [-0.0463362   0.42977863  0.0108098   0.12985448  0.0629934 ]
Islamabad
Istanbul [-0.0364611   0.40001422  0.26214499  0.00312602  0.06184283]
Izmir
Jacksonville [-0.01134478  0.22836471  0.16859045  0.07199268  0.07863967]
Jaipur [-0. -0. -0. -0. -0.]
Jaipur
Jakarta [-0.01872792  0.21701439  0.10699026  0.28423691  0.00803239]
Jeddah
Jeju
Jerez [-0.00992575  0.26171497  0.20713754  0.11329321  0.14643335]
Jersey [-0.01712235  0.67079247 -0.04762156  0.09603607 -0.01009954]
Johannesburg [ 0.01672507  0.24590821  0.05365873  0.04796734  0.13969575]
Kabul [-0.04973371  0.03163096 -0.062683    0.13642215  0.09838873]
Karachi [ 0.00726857  0.16248568  0.02734915  0.03735629 -0.06315286]
Kathmandu [ 0.2066038   0.21525741  0.11043037 -0.0542299   0.0574501 ]
Kazan [-0.02599983  0.11756852  0.06757522  0.11481391  0.12309111]
Kefalonia
Kerry [-0.00332851  0.22426825  0.26410902  0.32404951 -0.03456774]
Kharkov
Khartoum
Kiev [ 0.00146502  0.13528862  0.11894949  0.14549608  0.02375377]
Kilimanjaro [-0.00366734  0.3216572  -0.06405192 -0.12585735  0.15098972]
Kingston [ 0.00548318  0.36157575  0.09318302 -0.01399397 -0.06758486]
Knock [ 0.00369959  0.40281244  0.14633971  0.12838096  0.09825074]
Kochi
Kolkata [-0.00723157  0.02164352  0.08004955  0.05559222  0.22386132]
Kona
Kos [ 0.01229895  0.6877922   0.09465012  0.04250606 -0.1715126 ]
Krabi
Krakow [ 0.24062507  0.62652202  0.18194808 -0.01813466  0.04134379]
Krasnodar
Krasnoyarsk
Kuwait [ 0.00359906  0.11912084  0.02853642  0.1192415   0.21212848]
Lagos [-0.02278034  0.06469885  0.09735115  0.07648805  0.03520487]
Lahore [ 0.01706063  0.34218524 -0.00655872  0.01913409 -0.18594764]
Lanzarote [-3.04873646  0.71578277  0.01906074 -0.07102455 -0.11789601]
Leeds [ 0.02646851  0.59041547  0.1317898   0.09000348 -0.00262889]
Leipzig [-0.03319892  0.31459488  0.07190061  0.14643947  0.14676556]
Liberia [ 0.18695171  0.28878887 -0.06558095 -0.06608393  0.17861585]
Lille [-0.08263576  0.39457226  0.2475479  -0.06191795  0.15439158]
Lima [-0.00607158  0.30758811  0.079713    0.13427137  0.02224372]
Limoges
Linz [-0. -0. -0. -0. -0.]
Linz
Lisbon [ 0.25655702  0.45427016  0.00250747  0.33678401 -0.15818344]
Liverpool [ 0.00100824  0.59947326  0.00560526  0.12933028  0.0729774 ]
Ljubljana
London [-0.06082269  0.75771293 -0.17418422  0.20663079 -0.03956999]
Lourdes [-0.00485833  0.2801415   0.05413965  0.09194229  0.05166765]
Lusaka
Luxembourg [-0.082188    0.43295412 -0.02851404  0.09474453  0.06895495]
Lviv [-0.23440535  0.4883914  -0.03526071  0.15657906  0.11090635]
Lyon [ 0.03363348  0.42151255 -0.01061901  0.07364596  0.18404826]
Maastricht
Madeira [-0.03248534  0.63578908 -0.04669711  0.20593794 -0.22015111]
Madrid [-0.00480085  0.57005389  0.09763896  0.07660553  0.07046885]
Makhachkala
Malaga [-0.32719989  0.85919745 -0.13089044  0.12752011 -0.09853313]
Male [-0.00244214  0.02732796  0.05382388 -0.00088541  0.06153644]
Malmo
Manaus
Manchester [ 0.01549875  0.80237023 -0.24644888  0.3542919  -0.14966163]
Mangalore
Manila [-0.00752606  0.38587107  0.01277668  0.08500024  0.06911347]
Marseille [-0.00784874  0.39800165  0.1697272   0.07944482  0.11956146]
Mauritius [ 0.01192408  0.31885574  0.1708088  -0.00565024  0.05472963]
Medellin [ 0.0070016   0.35148225 -0.02599683 -0.02943508  0.00173389]
Melbourne [-0.00046686  0.21839027  0.13833732  0.11838974  0.02049257]
Memphis [-0.00622477  0.08463769  0.0903877   0.02111309 -0.09972596]
Mendoza [-0. -0. -0. -0. -0.]
Mendoza
Miami [-0.0129611   0.49957116  0.13976137  0.01552213  0.13121412]
Milan [  3.63497694e-04   5.24618864e-01   1.56597289e-01   1.19442664e-01
   1.42673269e-02]
Milwaukee [-0.00934289  0.28237708  0.10587098  0.1997433   0.15061499]
Minneapolis [ 0.00528394  0.26889914  0.18120943  0.10694551  0.18298755]
Minsk
Mombasa
Monterrey [-0.01188514  0.29306343  0.09843117  0.39196617 -0.09163726]
Montevideo
Montpellier [ 0.09632367  0.25548701  0.1255403  -0.00068446 -0.0012329 ]
Montreal [ 0.02042331  0.44630604 -0.17846395  0.27794182  0.1696462 ]
Moscow [ 0.12671582  0.08623549  0.11900246  0.18243399  0.06259612]
Mumbai [ 0.07779358  0.09570369  0.01150213  0.05282253  0.14768225]
Munich [ 0.01658376  0.48420295  0.11301344  0.08485042 -0.00093891]
Munster [-0.01059799  0.25491191  0.04107193  0.11722359  0.11784244]
Murcia
Murmansk [-0.01368605  0.31285093  0.05249877  0.17227967 -0.19756695]
Mus [-0. -0. -0. -0. -0.]
Mus
Muscat
Mykonos [-0.10451737  0.56251842  0.03853862  0.24974576 -0.18017472]
Nagoya [ -1.10237221e-04   9.81216007e-02   8.64577039e-02   1.80245614e-01
   2.11961655e-02]
Nairobi [-0.05232336  0.29136419  0.13687247  0.07980173 -0.04521186]
Nantes [-0.64060225  0.30974144  0.23048197  0.04848037  0.12366253]
Naples [-0.40457397  0.29540924  0.0370593   0.14068434  0.06105646]
Nashville [-0.00645038  0.27204331  0.10204321 -0.03482065  0.18699228]
Nassau [ 0.01661648  0.18562663  0.27245878 -0.15681814  0.05641881]
Newcastle [-0.01230408  0.59269326 -0.06770133  0.13923257 -0.04622493]
Newquay [  4.06429547e-04   5.45968844e-01   5.08802110e-02   1.51276237e-01
   5.21153455e-02]
Nice [-0.0076581   0.67124831  0.06548733 -0.01947217 -0.09048669]
Norfolk [-0. -0. -0. -0. -0.]
Norfolk
Norwich [  3.56700178e-05   4.24487781e-01   2.02568886e-01  -1.56436155e-02
   5.87161533e-02]
Nottingham [ 0.05434629  0.54565988  0.3217577   0.00195527 -0.02305326]
Novosibirsk [ 0.18088962  0.18541577  0.13771543  0.16375637 -0.14896466]
Nuremberg [-0.10698442  0.53635095  0.17184245  0.05372017  0.02439754]
Oakland [-0. -0. -0. -0. -0.]
Oakland
Odessa [-0.07319093  0.17482302 -0.0247563   0.0597771  -0.07354654]
Okinawa [-0.00212746  0.195536    0.02195175  0.16740143  0.0210291 ]
Oran [ 0.00145712  0.50639082  0.25230074  0.00715766 -0.04541771]
Orlando [-0.02121324  0.56261381  0.18927472  0.10716479 -0.15407005]
Osaka [-0.00639179  0.21803444 -0.00882278  0.21935684  0.03689358]
Osh
Oslo [-0.76117125  0.62639613  0.21197444  0.07463343 -0.06717787]
Ottawa [ 0.02240378  0.18220325  0.08848112  0.06604916 -0.05475203]
Palermo [-0.74455552  0.49478905  0.067631    0.27069345  0.0440179 ]
Palma
Paris [-0.07015367  0.60877659  0.03447964  0.10458927  0.06204209]
Parma [-0. -0. -0. -0. -0.]
Parma
Pensacola [-0. -0. -0. -0. -0.]
Pensacola
Penza [-0. -0. -0. -0. -0.]
Penza
Perm [-0.1072752   0.14376954  0.15638364  0.23637518 -0.07370555]
Perpignan
Perth [-0.00240525  0.19379031  0.25957562  0.06948026 -0.0274874 ]
Perugia
Peshawar [-0. -0. -0. -0. -0.]
Peshawar
Philadelphia [-0.00259254  0.23594867  0.22940897  0.07099601  0.09718986]
Phoenix [-0.02502757  0.42733028  0.00771314  0.039763    0.02321022]
Phuket [ 0.84484387  0.17069411  0.2521499   0.28614578  0.09800807]
Pisa [-0.12148174  0.72223188  0.07336916 -0.06277496  0.09668905]
Pittsburgh [-0.00102823  0.31512123  0.14443645  0.10412356  0.02640511]
Portland [-0.02066214  0.34600445  0.12832536  0.12427963  0.10107807]
Porto [-0.06375777  0.55280704  0.2670801  -0.02445994  0.04992774]
Poznan [-0.16868102  0.2523765   0.32029809  0.14539905  0.08572928]
Prague [-0.01909306  0.5638721  -0.06135356  0.20984767 -0.02730267]
Qingdao
Quebec [  1.27196936e-04   6.18738819e-02   2.16517825e-01   2.00678755e-01
  -1.90319618e-02]
Quito
Rabat [ 0.39178431  0.61501701  0.05852368  0.03446703  0.06590267]
Recife [-0.144414    0.13279461  0.01559905  0.05558737  0.10671844]
Reno [-0.00146239  0.20513183  0.37106112  0.08595794 -0.23244985]
Reus [ 0.00213315  0.37227258  0.27844209  0.16596189 -0.04121616]
Reykjavik
Rhodes [-0.07896992  0.79188246  0.01410875  0.07420308 -0.14704743]
Riga [ 0.89428379  0.48450538  0.04133472  0.1084472   0.15158217]
Riyadh [ 0.02417496  0.21342881  0.08553853  0.2353425  -0.03291251]
Rome [-0.09047701  0.6139553   0.09194109  0.05121923  0.04325782]
Rotterdam [-0.14155334  0.44504212  0.26231024 -0.07262637  0.01682775]
Sacramento [ -3.75948845e-03   3.27978443e-01   2.14405981e-04   2.86646864e-01
   1.09830935e-01]
Sal [-0. -0. -0. -0. -0.]
Sal
Salvador [-0.01472415  0.09729711  0.05993071  0.15550193  0.01377171]
Salzburg
Samara
Santander [-0.67786127  0.49583587  0.22697504  0.11090651  0.01636255]
Santiago [-0.0019238   0.34271641  0.13563643 -0.1530303   0.01776936]
Sanya [ 0.37301761  0.24335478  0.01749973  0.01974012  0.09440891]
Sapporo [-0.00260892  0.16253762  0.18964326  0.21010034 -0.02052268]
Sarajevo
Seattle [-0.01984555  0.30456009  0.11916515  0.03641768  0.2397355 ]
Seoul [  1.93898399e-04   3.14411286e-01   1.22450471e-01   8.98687554e-02
   1.18972279e-01]
Seville [ 0.09812391  0.53762403  0.30911768 -0.02987886  0.00116867]
Shanghai [ 0.00406816  0.25029892  0.13038687  0.13662725  0.20620794]
Shannon [-0.02180599  0.50978909  0.24026044  0.07716314  0.00101139]
Sharjah [-0. -0. -0. -0. -0.]
Sharjah
Singapore [-0.00888268  0.29481761  0.04382577  0.19633463  0.02658745]
Sochi [-0.03586175  0.09069981  0.02111863  0.06157009  0.01555944]
Sofia [-0.04552607  0.61072036 -0.10997047  0.28455703 -0.07457369]
Southampton [-0.00880969  0.50655319  0.06039979  0.26406369 -0.04744733]
Split [ 0.02092323  0.73988779  0.11656395 -0.02202477  0.02534509]
Stavanger [ 0.00103302  0.44122244  0.18344738  0.12076447 -0.03435378]
Stockholm [-0.03072779  0.60482686  0.22363537  0.11939522 -0.11208544]
Strasbourg
Stuttgart [-0.0614137   0.37003689  0.10280654  0.09372678  0.13622737]
Surabaya [-0.00556549  0.44951305 -0.02223445  0.01380316  0.1385963 ]
Sydney [-0.00048929  0.24170161  0.10670849  0.11523428 -0.05852777]
Taipei [ 0.00746205  0.24940319  0.02794648  0.15560183  0.04821068]
Tallinn [-0.23559592  0.32672964  0.10442261  0.04218189  0.23316023]
Tampa [-0.00728979  0.34398074  0.27250561 -0.0399188   0.07641685]
Tampere
Tbilisi
Tenerife [ 0.24320426  0.76148514  0.0120033   0.05083289 -0.21796071]
Thessaloniki
Thiruvananthapuram
Tijuana [ 0.06170174  0.28352856  0.3513784   0.12110544  0.02068536]
Tirana [-0.98376405  0.28927599  0.08031396 -0.00738906  0.0810172 ]
Tokyo [-0.0030343  -0.00759111  0.03185357  0.13563847  0.08907985]
Toronto [ 0.00179797  0.32863311  0.21547602  0.03341191  0.13622573]
Toulon
Toulouse [-0.07984902  0.30556688  0.07985087  0.09362636  0.102695  ]
Tours [-0. -0. -0. -0. -0.]
Tours
Trabzon
Trieste [-0.20225157  0.09903962  0.19553146  0.11386919  0.12914804]
Tromso [-0.03734078  0.23337205  0.15621472  0.06027143  0.12562228]
Tulsa [-0. -0. -0. -0. -0.]
Tulsa
Turin [ 0.04008412  0.38043083  0.04430297  0.1329415   0.16082311]
Valencia [-0.03266741  0.52023311  0.1940663   0.03883121  0.05726078]
Valladolid
Van
Vancouver [-0.00140228  0.17370961  0.08500936  0.16345505  0.16029639]
Venice [-0.00391244  0.57169646  0.02506473  0.07045122  0.02236745]
Verona [ 0.01683979  0.76988723 -0.00735318  0.19230295 -0.0568357 ]
Vienna [ 0.15510598  0.20425438  0.17109911  0.17735003  0.14913307]
Vigo [-0.00516297  0.21706658  0.01026899  0.04588553 -0.00395037]
Vilnius [ 0.21637306  0.52997654  0.20203443 -0.08405094  0.22490638]
Volgograd
Warsaw [-0.23011477  0.53777761  0.17181159  0.16932784 -0.06625326]
Washington [-0.01336102  0.41355302  0.2795101  -0.08701804  0.25160176]
Waterford [ 0.00166169  0.47752209  0.30243304 -0.03178684  0.0625931 ]
Wellington [-0.00041894  0.04195724  0.14869834  0.02338897  0.03994001]
Windhoek
Winnipeg [ 0.0042224   0.18964278  0.05579713  0.05251891  0.00317999]
Xiamen
Yangon
Yerevan [-0.48992879 -0.13193297 -0.09180185 -0.04327078 -0.13268488]
Yogyakarta
Zagreb [-0.03908675  0.3551618   0.08250233  0.09140106 -0.03642725]
Zanzibar
Zaragoza [-0.00800749  0.52139965  0.13776269  0.21101378  0.01154218]
Zurich [ 0.14393771  0.57716836  0.0252032   0.2103917   0.00152126]
<class 'pandas.core.frame.DataFrame'>
Index: 272 entries, Aarhus to Zurich
Data columns (total 3 columns):
RMSE_Twitter         272  non-null values
RMSE_L4F             272  non-null values
RMSE_Just_Twitter    272  non-null values
dtypes: float64(3)
